1978.00 422.00 751.00 770.00 1390.00 821.00
646.00 1371.00 1490.00 1739.00 25.00 663.00
1489.00 1802.00 1473.00 1953.00 619.00 983.00
1095.00 1473.00 914.00 1586.00 539.00 619.00
1421.00 457.00 500.00 1193.00 1883.00 808.00
716.00 1533.00 1940.00 746.00 1724.00 1904.00
1074.00 1062.00 1539.00 1426.00 317.00 1210.00
1297.00 1244.00 1838.00 1038.00 825.00 1587.00
1311.00 781.00 1388.00 521.00 881.00 270.00
557.00 1553.00 966.00 1306.00 1908.00 1492.00
1213.00 985.00 1693.00 673.00 1070.00 272.00
1925.00 1037.00 720.00 655.00 2014.00 1432.00
945.00 682.00 895.00 230.00 1568.00 1696.00
1567.00 374.00 1152.00 1007.00 1149.00 566.00
890.00 660.00 296.00 1906.00 1165.00 1782.00
1462.00 537.00 691.00 1470.00 707.00 1896.00
1820.00 796.00 946.00 1181.00 678.00 2036.00
1239.00 1494.00 1949.00 2002.00 1252.00 222.00
1172.00 638.00 1324.00 1919.00 498.00 1116.00
1761.00 507.00 1091.00 1143.00 764.00 1376.00
449.00 1935.00 999.00 664.00 1396.00 1397.00
1168.00 981.00 1157.00 1816.00 1356.00 775.00
1275.00 934.00 730.00 868.00 1517.00 1072.00
690.00 1447.00 1229.00 1495.00 957.00 686.00
916.00 1627.00 531.00 1313.00 1596.00 2030.00
628.00 1.00 1859.00 718.00 683.00 1739.00
1719.00 1710.00 1573.00 583.00 722.00 1972.00
1185.00 1540.00 1511.00 436.00 773.00 396.00
412.00 1148.00 1754.00 1006.00 1171.00 1579.00
1223.00 476.00 1290.00 1000.00 248.00 469.00
1191.00 1819.00 2044.00 1974.00 1140.00 1768.00
1240.00 2027.00 1319.00 174.00 656.00 1671.00
1825.00 942.00 1232.00 1984.00 463.00 1750.00
1990.00 1288.00 603.00 856.00 1023.00 1222.00
1755.00 1445.00 1512.00 855.00 1044.00 1430.00
1926.00 1665.00 1525.00 1233.00 886.00 470.00
1405.00 1431.00 842.00 1444.00 1330.00 1595.00
1878.00 744.00 1001.00 339.00 1436.00 740.00
866.00 1024.00 1882.00 1836.00 1235.00 408.00
1569.00 1846.00 1741.00 1050.00 1905.00 1224.00
595.00 699.00 1585.00 1594.00 1901.00 1764.00
1401.00 379.00 1425.00 155.00 485.00 1945.00
146.00 1331.00 163.00 1711.00 898.00 1898.00
1020.00 1969.00 1688.00 569.00 685.00 1581.00
2039.00 224.00 1762.00 763.00 1501.00 1021.00
480.00 963.00 1163.00 993.00 546.00 330.00
1271.00 1079.00 903.00 1496.00 1419.00 671.00
1160.00 843.00 1282.00 1418.00 1132.00 950.00
653.00 1305.00 614.00 1441.00 487.00 1442.00
1159.00 510.00 630.00 899.00 1784.00 987.00
941.00 1672.00 1623.00 1372.00 1141.00 551.00
933.00 829.00 897.00 1604.00 597.00 1606.00
581.00 1649.00 887.00 394.00 1119.00 623.00
1828.00 1452.00 624.00 1315.00 1118.00 693.00
1344.00 1317.00 1089.00 378.00 1098.00 841.00
219.00 864.00 314.00 1327.00 839.00 910.00
1744.00 1485.00 1779.00 646.00 1598.00 1420.00
1227.00 879.00 827.00 1546.00 853.00 833.00
902.00 1625.00 554.00 931.00 448.00 405.00
1963.00 431.00 1085.00 830.00 1781.00 904.00
1349.00 1840.00 1314.00 1766.00 1250.00 1861.00
823.00 838.00 992.00 1933.00 939.00 592.00
980.00 1699.00 967.00 299.00 2005.00 1549.00
1073.00 1659.00 988.00 1954.00 1277.00 1786.00
253.00 954.00 670.00 919.00 1346.00 2008.00
1713.00 1776.00 1375.00 1609.00 1363.00 450.00
490.00 185.00 1737.00 1547.00 1112.00 1280.00
1657.00 795.00 1114.00 1343.00 1745.00 762.00
78.00 1467.00 1477.00 826.00 1998.00 1080.00
944.00 1198.00 596.00 1531.00 1879.00 1643.00
1354.00 923.00 1417.00 1807.00 965.00 1215.00
381.00 1036.00 1407.00 1026.00 1153.00 1357.00
1137.00 1121.00 1289.00 1769.00 456.00 1630.00
1997.00 1386.00 591.00 635.00 1593.00 682.00
1242.00 574.00 1063.00 556.00 1337.00 1260.00
1017.00 1554.00 1245.00 849.00 1869.00 1004.00
1129.00 863.00 1413.00 223.00 871.00 1797.00
1506.00 1409.00 1438.00 1785.00 2011.00 390.00
68.00 1756.00 1083.00 920.00 1477.00 1998.00
1287.00 1577.00 973.00 200.00 757.00 501.00
417.00 1478.00 1646.00 802.00 605.00 1557.00
1102.00 1111.00 147.00 1787.00 1534.00 834.00
1435.00 629.00 1093.00 492.00 1880.00 1269.00
1602.00 1705.00 251.00 548.00 1086.00 1180.00
1740.00 488.00 1074.00 1179.00 1770.00 971.00
1658.00 1930.00 1262.00 633.00 1241.00 813.00
1229.00 1057.00 686.00 1495.00 1491.00 1721.00
1499.00 345.00 1124.00 1075.00 968.00 752.00
1858.00 749.00 1423.00 1722.00 149.00 1200.00
1707.00 1042.00 1084.00 1962.00 380.00 371.00
1624.00 1672.00 918.00 354.00 458.00 1535.00
573.00 1410.00 1913.00 1049.00 1178.00 204.00
1133.00 355.00 1912.00 1666.00 1651.00 2047.00
1202.00 508.00 1504.00 713.00 661.00 848.00
1697.00 497.00 258.00 1104.00 1733.00 991.00
1274.00 1842.00 1029.00 1942.00 679.00 748.00
1962.00 1203.00 972.00 1955.00 1292.00 1084.00
1950.00 1218.00 1890.00 1575.00 1780.00 580.00
1966.00 850.00 1174.00 1536.00 1341.00 877.00
632.00 1283.00 1777.00 1565.00 804.00 711.00
962.00 2013.00 2012.00 1285.00 1521.00 801.00
126.00 1715.00 384.00 1355.00 411.00 1852.00
1694.00 1402.00 607.00 1513.00 1365.00 1076.00
1833.00 753.00 1679.00 739.00 1775.00 1192.00
828.00 892.00 994.00 1403.00 1917.00 2034.00
1946.00 1734.00 647.00 1894.00 1892.00 1209.00
1700.00 961.00 1947.00 901.00 1518.00 891.00
1307.00 867.00 36.00 1405.00 1330.00 1621.00
1556.00 1043.00 1126.00 1105.00 777.00 455.00
1263.00 1922.00 620.00 1278.00 970.00 1139.00
354.00 912.00 938.00 325.00 1817.00 1830.00
943.00 743.00 1156.00 1332.00 215.00 1367.00
1855.00 582.00 780.00 935.00 1120.00 1774.00
924.00 643.00 1312.00 778.00 1916.00 1326.00
1151.00 1415.00 771.00 861.00 1931.00 1889.00
1988.00 1551.00 936.00 1611.00 1221.00 1303.00
1714.00 285.00 789.00 1259.00 2025.00 1281.00
728.00 1190.00 1257.00 1902.00 726.00 1054.00
1032.00 468.00 210.00 150.00 1279.00 1620.00
1276.00 1617.00 1101.00 1952.00 1571.00 1668.00
1081.00 2017.00 1214.00 1918.00 806.00 1383.00
228.00 1342.00 851.00 1451.00 502.00 701.00
518.00 1013.00 708.00 1634.00 1507.00 832.00
1466.00 1472.00 125.00 1939.00 1460.00 1615.00
585.00 173.00 1194.00 1541.00 1068.00 1390.00
1932.00 1308.00 123.00 1615.00 741.00 1460.00
705.00 1011.00 1618.00 1715.00 1256.00 101.00
1635.00 1463.00 875.00 539.00 1027.00 1661.00
820.00 1453.00 835.00 1015.00 1843.00 1675.00
1614.00 805.00 1261.00 1065.00 836.00 787.00
1979.00 982.00 937.00 1655.00 779.00 1464.00
1046.00 1865.00 1881.00 876.00 461.00 776.00
1304.00 1149.00 1874.00 1142.00 1532.00 961.00
1125.00 1187.00 761.00 1647.00 1682.00 767.00
323.00 2000.00 1040.00 910.00 1097.00 721.00
1320.00 2009.00 320.00 737.00 1743.00 979.00
1934.00 1338.00 1170.00 283.00 1106.00 1747.00
1480.00 540.00 1284.00 870.00 1225.00 1973.00
1033.00 608.00 1731.00 1128.00 1937.00 1162.00
800.00 739.00 1246.00 1188.00 731.00 1742.00
29.00 1223.00 852.00 791.00 1325.00 1996.00
443.00 1560.00 361.00 1273.00 1636.00 929.00
1385.00 567.00 9.00 413.00 880.00 1398.00
1395.00 1267.00 1664.00 481.00 949.00 1860.00
1994.00 1127.00 1286.00 947.00 1526.00 1391.00
1571.00 630.00 1847.00 1522.00 984.00 694.00
579.00 1323.00 163.00 1538.00 1812.00 42.00
1788.00 1051.00 1787.00 81.00 1534.00 1102.00
1824.00 536.00 872.00 1034.00 1921.00 426.00
1006.00 1200.00 922.00 88.00 1423.00 541.00
952.00 1168.00 489.00 118.00 1279.00 1356.00
858.00 1917.00 1970.00 994.00 803.00 828.00
874.00 1566.00 1049.00 1410.00 2001.00 573.00
900.00 2040.00 1082.00 1094.00 1986.00 1400.00
805.00 1626.00 717.00 1614.00 290.00 1295.00
1176.00 745.00 1876.00 1353.00 1457.00 616.00
389.00 516.00 1510.00 933.00 1318.00 1429.00
960.00 1023.00 1854.00 1222.00 1211.00 392.00
1983.00 1018.00 1439.00 738.00 331.00 995.00
1243.00 605.00 1631.00 400.00 680.00 894.00
1673.00 1629.00 1293.00 1392.00 996.00 519.00
1184.00 1312.00 1251.00 626.00 553.00 778.00
1069.00 1823.00 1434.00 467.00 1199.00 769.00
1092.00 1711.00 1995.00 42.00 964.00 146.00
1321.00 1048.00 1915.00 889.00 1562.00 814.00
1845.00 1231.00 1856.00 1146.00 1145.00 337.00
1047.00 1103.00 1254.00 1730.00 1173.00 2007.00
2029.00 706.00 1393.00 1161.00 1597.00 1799.00
425.00 1083.00 704.00 1674.00 1380.00 826.00
1790.00 1123.00 998.00 456.00 768.00 2026.00
688.00 1723.00 2006.00 1687.00 1599.00 1999.00
1976.00 1690.00 859.00 878.00 1520.00 989.00
824.00 811.00 976.00 1677.00 1364.00 1172.00
585.00 1068.00 584.00 1866.00 771.00 1927.00
589.00 31.00 1319.00 1481.00 1294.00 793.00
459.00 1676.00 723.00 864.00 1352.00 729.00
1831.00 1607.00 1078.00 663.00 975.00 1490.00
1014.00 482.00 1829.00 782.00 524.00 658.00
1493.00 732.00 700.00 1991.00 1486.00 577.00
1814.00 1895.00 1686.00 1042.00 1237.00 1985.00
1340.00 463.00 1167.00 913.00 1548.00 1369.00
846.00 1003.00 1113.00 546.00 618.00 1772.00
1169.00 854.00 1767.00 1377.00 1720.00 449.00
844.00 1249.00 1735.00 1448.00 1519.00 1550.00
865.00 1134.00 1422.00 1691.00 1117.00 1132.00
1175.00 1547.00 1112.00 66.00 1759.00 1009.00
774.00 1066.00 1909.00 1002.00 1964.00 1529.00
1537.00 1836.00 1061.00 1570.00 408.00 1458.00
1929.00 1366.00 1271.00 934.00 1496.00 1079.00
494.00 794.00 1738.00 1424.00 676.00 980.00
1959.00 1008.00 799.00 986.00 519.00 1589.00
1798.00 486.00 927.00 1329.00 1373.00 1703.00
782.00 902.00 1960.00 1427.00 1810.00 482.00
1055.00 1951.00 926.00 1382.00 766.00 1793.00
1941.00 1300.00 1378.00 324.00 686.00 1650.00
1449.00 1837.00 1888.00 1397.00 1841.00 1109.00
506.00 759.00 1479.00 885.00 1475.00 370.00
725.00 1622.00 1794.00 792.00 1108.00 708.00
917.00 1468.00 1437.00 1981.00 1515.00 1857.00
1616.00 1732.00 1591.00 1155.00 423.00 1206.00
1347.00 757.00 1771.00 1052.00 1287.00 79.00
1883.00 1138.00 684.00 1697.00 1484.00 258.00
534.00 1722.00 807.00 2037.00 1578.00 749.00
351.00 727.00 1257.00 1190.00 1197.00 1654.00
1610.00 840.00 1328.00 91.00 675.00 573.00
822.00 1518.00 891.00 1530.00 552.00 1928.00
1183.00 1236.00 1184.00 937.00 597.00 1251.00
712.00 1014.00 1600.00 861.00 1415.00 958.00
1208.00 464.00 1632.00 974.00 845.00 1548.00
1875.00 1381.00 1944.00 1821.00 956.00 613.00
1620.00 587.00 932.00 118.00 468.00 1583.00
1204.00 642.00 1219.00 1903.00 703.00 756.00
1792.00 1465.00 2045.00 229.00 1226.00 1114.00
1264.00 1552.00 1136.00 884.00 709.00 1035.00
869.00 1056.00 1509.00 1706.00 1563.00 772.00
1367.00 1718.00 1332.00 1158.00 1379.00 1270.00
1961.00 1584.00 1850.00 1359.00 847.00 735.00
1096.00 1822.00 579.00 964.00 1502.00 2043.00
2046.00 1241.00 1940.00 746.00 1207.00 1724.00
1389.00 1327.00 314.00 1778.00 475.00 55.00
538.00 1505.00 678.00 1811.00 1234.00 1804.00
1291.00 1791.00 748.00 735.00 1334.00 266.00
17.00 1252.00 1494.00 1239.00 1949.00 2002.00
1129.00 76.00 756.00 1413.00 1797.00 734.00
743.00 1021.00 763.00 44.00 629.00 1406.00
1749.00 1115.00 1266.00 2018.00 801.00 1268.00
1612.00 585.00 1107.00 930.00 1399.00 596.00
865.00 1195.00 2041.00 1412.00 1800.00 1523.00
668.00 1342.00 1012.00 1938.00 1726.00 121.00
795.00 1576.00 212.00 1792.00 1114.00 1758.00
1568.00 1997.00 1863.00 682.00 73.00 1696.00
1924.00 1842.00 1992.00 1920.00 1639.00 897.00
1886.00 1310.00 1844.00 246.00 770.00 1301.00
1684.00 1978.00 674.00 209.00 1944.00 751.00
1656.00 1633.00 907.00 1885.00 1500.00 1005.00
696.00 1329.00 877.00 766.00 1443.00 1644.00
1603.00 643.00 502.00 924.00 701.00 1782.00
1482.00 911.00 387.00 1452.00 1045.00 1827.00
1182.00 561.00 1580.00 1524.00 860.00 1561.00
567.00 1476.00 1806.00 1385.00 1089.00 1016.00
817.00 1907.00 1404.00 1440.00 1832.00 672.00
905.00 1891.00 1864.00 1698.00 1895.00 977.00
1071.00 1788.00 716.00 1904.00 1533.00 1175.00
1648.00 1535.00 1880.00 1154.00 943.00 1166.00
951.00 605.00 1765.00 818.00 1795.00 894.00
1678.00 1867.00 715.00 2040.00 383.00 1209.00
770.00 613.00 1611.00 1653.00 1310.00 232.00
1987.00 751.00 124.00 1194.00 1541.00 1390.00
1000.00 469.00 29.00 476.00 1067.00 1414.00
1495.00 321.00 1447.00 1229.00 853.00 690.00
1474.00 1556.00 410.00 1488.00 634.00 1105.00
1135.00 1559.00 1455.00 599.00 1705.00 1248.00
1816.00 857.00 713.00 775.00 1150.00 1899.00
837.00 807.00 954.00 64.00 1725.00 1848.00
334.00 555.00 1020.00 1581.00 695.00 1853.00
1878.00 1146.00 744.00 740.00 1660.00 1145.00
1818.00 454.00 1326.00 1868.00 1265.00 829.00
773.00 1993.00 1022.00 1469.00 1511.00 2022.00
201.00 457.00 500.00 94.00 1484.00 1883.00
1640.00 779.00 1031.00 1029.00 1809.00 1729.00
878.00 798.00 1976.00 1751.00 1690.00 1769.00
1887.00 611.00 1550.00 915.00 1805.00 641.00
1188.00 1619.00 1246.00 1454.00 838.00 709.00
1147.00 1565.00 1059.00 632.00 953.00 804.00
1459.00 1975.00 763.00 1642.00 742.00 1762.00
1345.00 1205.00 1948.00 1126.00 1525.00 886.00
1444.00 221.00 1374.00 842.00 1087.00 748.00
971.00 1488.00 1862.00 1474.00 1740.00 1099.00
1045.00 1186.00 1362.00 1851.00 1828.00 911.00
1728.00 639.00 2015.00 362.00 1663.00 969.00
1388.00 1311.00 1716.00 1796.00 881.00 521.00
641.00 1125.00 839.00 1201.00 692.00 1647.00
10.00 1070.00 750.00 1408.00 1213.00 1693.00
1675.00 1498.00 1015.00 1582.00 1928.00 1013.00
409.00 582.00 1360.00 1041.00 1375.00 1298.00
1196.00 1937.00 840.00 1328.00 1528.00 1485.00
1255.00 1309.00 906.00 1343.00 1745.00 795.00
1968.00 1140.00 1100.00 835.00 1900.00 1645.00
1783.00 645.00 1131.00 659.00 1216.00 1753.00
2023.00 978.00 698.00 1053.00 654.00 1662.00
440.00 1702.00 1789.00 1849.00 1260.00 845.00
1708.00 797.00 1508.00 1320.00 1096.00 1368.00
984.00 188.00 671.00 1079.00 1564.00 1419.00
1170.00 1350.00 1963.00 1934.00 1106.00 136.00
1101.00 2014.00 681.00 1617.00 1090.00 1952.00
1717.00 1714.00 1543.00 831.00 116.00 1281.00
2028.00 1151.00 1540.00 1889.00 1185.00 712.00
2033.00 331.00 1018.00 995.00 598.00 738.00
1445.00 855.00 633.00 2010.00 1658.00 1957.00
1715.00 705.00 1802.00 1011.00 1513.00 1217.00
1626.00 154.00 1801.00 883.00 1235.00 717.00
1298.00 1988.00 936.00 695.00 1638.00 736.00
1655.00 879.00 833.00 505.00 443.00 1272.00
922.00 1970.00 2024.00 1416.00 1692.00 858.00
562.00 1752.00 620.00 1078.00 1296.00 628.00
1130.00 760.00 899.00 1177.00 1276.00 1784.00
890.00 1451.00 2031.00 761.00 851.00 1906.00
1253.00 1852.00 889.00 1048.00 588.00 919.00
1204.00 1512.00 1914.00 651.00 1044.00 1219.00
2034.00 967.00 828.00 1549.00 62.00 1493.00
1120.00 1527.00 780.00 1003.00 963.00 546.00
1628.00 1680.00 1967.00 1022.00 733.00 1351.00
1874.00 1622.00 1064.00 725.00 1108.00 1756.00
1936.00 1095.00 875.00 794.00 1586.00 539.00
767.00 761.00 1652.00 1073.00 1669.00 644.00
754.00 1307.00 785.00 1220.00 560.00 988.00
1025.00 1163.00 1685.00 1394.00 1063.00 574.00
1254.00 1727.00 1173.00 1047.00 2007.00 1004.00
1376.00 764.00 1283.00 625.00 1777.00 711.00
1709.00 1149.00 1007.00 1911.00 446.00 1700.00
1922.00 1097.00 1040.00 683.00 1641.00 1348.00
1943.00 1873.00 1994.00 947.00 1127.00 1514.00
1479.00 885.00 370.00 1244.00 621.00 1965.00
939.00 1701.00 1088.00 1870.00 1933.00 959.00
839.00 1778.00 219.00 1339.00 1201.00 1383.00
1574.00 1639.00 937.00 1979.00 1924.00 982.00
1502.00 1572.00 979.00 1694.00 1893.00 1995.00
1426.00 1122.00 427.00 1808.00 990.00 6.00
466.00 1613.00 1712.00 667.00 1037.00 720.00
935.00 1228.00 1116.00 1973.00 870.00 540.00
1649.00 705.00 135.00 2009.00 1839.00 887.00
1229.00 249.00 1227.00 784.00 1746.00 1057.00
914.00 1953.00 384.00 652.00 1956.00 1826.00
134.00 910.00 55.00 175.00 864.00 1327.00
522.00 827.00 1300.00 2016.00 1384.00 194.00
862.00 110.00 1189.00 941.00 1033.00 938.00
1835.00 998.00 1370.00 1123.00 825.00 2026.00
1066.00 973.00 1428.00 1002.00 1529.00 1909.00
1567.00 1152.00 816.00 1110.00 909.00 1380.00
1590.00 1202.00 1544.00 790.00 713.00 1150.00
1394.00 45.00 1685.00 480.00 1163.00 306.00
598.00 1098.00 158.00 1344.00 995.00 287.00
817.00 672.00 1440.00 1832.00 1872.00 1404.00
1483.00 1632.00 1683.00 612.00 1198.00 974.00
1020.00 1082.00 254.00 1581.00 1776.00 1019.00
1161.00 676.00 1450.00 724.00 706.00 2005.00
1027.00 532.00 1253.00 1910.00 919.00 1597.00
165.00 1382.00 1856.00 1748.00 994.00 1231.00
883.00 515.00 1760.00 1554.00 421.00 849.00
1897.00 744.00 2035.00 1146.00 1001.00 700.00
923.00 1542.00 1354.00 656.00 2021.00 511.00
1039.00 868.00 1275.00 730.00 847.00 1517.00
715.00 900.00 2040.00 906.00 1588.00 1209.00
806.00 1214.00 888.00 1174.00 1966.00 1028.00
1371.00 1162.00 1731.00 1420.00 1831.00 1128.00
896.00 1075.00 1499.00 968.00 467.00 1069.00
1596.00 1226.00 1313.00 1316.00 444.00 1036.00
1118.00 1053.00 1971.00 1717.00 765.00 1662.00
1720.00 871.00 617.00 1377.00 863.00 1169.00
877.00 1644.00 927.00 1536.00 1361.00 509.00
497.00 1471.00 363.00 1065.00 1104.00 1733.00
203.00 1197.00 1257.00 727.00 1190.00 728.00
1878.00 1634.00 1794.00 832.00 1592.00 1436.00
1871.00 1695.00 1176.00 921.00 1134.00 2038.00
1535.00 90.00 1166.00 1830.00 110.00 1672.00
92.00 503.00 917.00 1666.00 1912.00 882.00
647.00 1172.00 976.00 1919.00 1558.00 1364.00
1181.00 1358.00 1730.00 483.00 1103.00 1608.00
759.00 1475.00 594.00 1132.00 1695.00 950.00
890.00 1187.00 1682.00 729.00 723.00 1676.00
198.00 917.00 1515.00 1468.00 1857.00 2004.00
1273.00 929.00 637.00 903.00 1419.00 1809.00
1322.00 1663.00 1060.00 1728.00 1252.00 269.00
787.00 1733.00 1261.00 1058.00 1104.00 350.00
1323.00 1314.00 602.00 1877.00 689.00 1349.00
1189.00 975.00 938.00 492.00 572.00 862.00
1287.00 673.00 757.00 1771.00 1070.00 1347.00
1902.00 1461.00 726.00 881.00 1796.00 1054.00
1439.00 1983.00 722.00 583.00 1018.00 1719.00
992.00 1246.00 838.00 823.00 1454.00 908.00
1038.00 621.00 312.00 1479.00 1965.00 885.00
89.00 1664.00 1292.00 1962.00 1707.00 948.00
1336.00 891.00 1215.00 772.00 1498.00 1563.00
1555.00 985.00 1199.00 769.00 1434.00 1213.00
1567.00 1110.00 1304.00 1142.00 1007.00 1911.00
1518.00 792.00 1530.00 1637.00 1736.00 901.00
1144.00 762.00 1465.00 1255.00 1758.00 1114.00
566.00 719.00 1152.00 1158.00 755.00 909.00
598.00 1016.00 1317.00 841.00 1089.00 2033.00
1945.00 809.00 1411.00 1524.00 925.00 1425.00
89.00 1042.00 179.00 1860.00 948.00 1707.00
1153.00 71.00 1407.00 1357.00 2045.00 1446.00
852.00 791.00 1601.00 1325.00 1290.00 1088.00
1884.00 1670.00 1678.00 1094.00 245.00 1209.00
1953.00 101.00 619.00 983.00 322.00 1011.00
1815.00 1442.00 953.00 1503.00 1059.00 487.00
1136.00 1905.00 873.00 1035.00 1552.00 1982.00
1482.00 1572.00 237.00 607.00 911.00 1827.00
931.00 2006.00 1266.00 1625.00 1268.00 1030.00
933.00 1012.00 454.00 1342.00 1318.00 1606.00
1285.00 1785.00 2018.00 77.00 1469.00 1409.00
1871.00 1353.00 786.00 631.00 1134.00 1282.00
1111.00 702.00 157.00 960.00 834.00 1211.00
1623.00 1605.00 776.00 1372.00 893.00 1141.00
52.00 1649.00 1256.00 887.00 1119.00 814.00
998.00 940.00 1370.00 1587.00 1433.00 1838.00
872.00 1993.00 27.00 1921.00 1824.00 773.00
1448.00 520.00 534.00 1954.00 1545.00 844.00
1100.00 1140.00 928.00 1191.00 277.00 820.00
807.00 837.00 1725.00 1621.00 1431.00 1330.00
1977.00 531.00 159.00 1627.00 1316.00 1243.00
1023.00 1854.00 1990.00 419.00 1211.00 1222.00
1212.00 1119.00 578.00 1595.00 1757.00 1321.00
1137.00 1769.00 1751.00 1630.00 610.00 1121.00
216.00 730.00 847.00 1840.00 797.00 1250.00
1984.00 1825.00 32.00 942.00 902.00 1810.00
1087.00 842.00 867.00 1405.00 1510.00 1429.00
682.00 945.00 895.00 1696.00 1997.00 1010.00
1061.00 1882.00 1537.00 38.00 1836.00 187.00
1677.00 935.00 824.00 582.00 1041.00 1228.00
1862.00 250.00 1556.00 1474.00 1099.00 634.00
101.00 1048.00 1852.00 1915.00 1355.00 1256.00
1754.00 28.00 850.00 1341.00 926.00 1148.00
557.00 1492.00 1908.00 1398.00 142.00 567.00
1500.00 1691.00 529.00 1160.00 1164.00 1656.00
1531.00 944.00 1600.00 771.00 958.00 861.00
1833.00 1131.00 1763.00 1679.00 1192.00 1775.00
1299.00 1631.00 80.00 605.00 1646.00 951.00
1301.00 1939.00 1460.00 1886.00 1844.00 1466.00
401.00 960.00 1854.00 1211.00 702.00 1111.00
1723.00 1589.00 962.00 1521.00 1293.00 1999.00
1869.00 883.00 1554.00 338.00 515.00 1017.00
0.00 1541.00 1107.00 1390.00 585.00 821.00
1174.00 1361.00 1536.00 1591.00 199.00 1616.00
1009.00 1175.00 1788.00 1834.00 1071.00 1302.00
1110.00 1083.00 1380.00 1064.00 1567.00 302.00
1034.00 872.00 1351.00 1022.00 1824.00 2022.00
1122.00 1566.00 317.00 1539.00 1062.00 1426.00
1117.00 865.00 1412.00 1523.00 1086.00 1180.00
989.00 1976.00 1520.00 859.00 878.00 1803.00
2030.00 1792.00 1144.00 747.00 1758.00 1465.00
1153.00 830.00 904.00 1026.00 1781.00 59.00
1741.00 1238.00 1050.00 774.00 2019.00 1909.00
1378.00 686.00 1229.00 784.00 827.00 853.00
1346.00 1393.00 954.00 2008.00 1423.00 600.00
1237.00 1042.00 1985.00 1707.00 977.00 1895.00
1540.00 1185.00 2011.00 1511.00 1506.00 1438.00
775.00 952.00 1157.00 1168.00 981.00 1667.00
1496.00 1366.00 903.00 1039.00 1271.00 934.00
1478.00 802.00 1827.00 1092.00 543.00 1186.00
1789.00 1548.00 1232.00 1702.00 1750.00 1340.00
1833.00 1192.00 416.00 2020.00 1247.00 1188.00
1360.00 1855.00 1113.00 780.00 1527.00 1003.00
292.00 1636.00 1560.00 141.00 1272.00 929.00
1596.00 1036.00 1576.00 2045.00 1792.00 1407.00
1671.00 793.00 949.00 589.00 174.00 1481.00
309.00 1736.00 1304.00 1874.00 1532.00 1911.00
1494.00 831.00 1281.00 1239.00 2002.00 1980.00
931.00 388.00 1625.00 688.00 58.00 1030.00
1396.00 182.00 1935.00 1377.00 854.00 1767.00
1609.00 1516.00 1776.00 1082.00 1487.00 65.00
706.00 2005.00 1549.00 1699.00 1692.00 1230.00
1410.00 874.00 990.00 1808.00 2001.00 1178.00
1732.00 1263.00 517.00 1778.00 1389.00 1155.00
256.00 389.00 1818.00 1606.00 1342.00 701.00
1948.00 1105.00 1126.00 1043.00 1345.00 108.00
610.00 768.00 1790.00 169.00 1289.00 1123.00
1193.00 500.00 1484.00 808.00 1883.00 1773.00
551.00 1332.00 943.00 1624.00 1270.00 1535.00
864.00 1676.00 1125.00 729.00 839.00 1352.00
859.00 1333.00 30.00 1768.00 1974.00 1819.00
1881.00 893.00 876.00 1605.00 1865.00 131.00
1242.00 1337.00 1025.00 1063.00 1208.00 612.00
1340.00 1369.00 782.00 942.00 1984.00 1750.00
1167.00 913.00 1632.00 1198.00 1643.00 208.00
1747.00 1613.00 1712.00 1338.00 655.00 667.00
318.00 1925.00 655.00 1432.00 11.00 720.00
1069.00 896.00 162.00 1823.00 968.00 1555.00
1279.00 932.00 210.00 118.00 489.00 1032.00
1391.00 1286.00 1000.00 248.00 1067.00 1414.00
1665.00 659.00 1216.00 1753.00 35.00 1926.00
1171.00 1249.00 1735.00 1028.00 1754.00 888.00
2042.00 664.00 1396.00 1837.00 1841.00 1397.00
1145.00 1845.00 1477.00 920.00 1660.00 1923.00
1961.00 1359.00 1366.00 847.00 544.00 1929.00
219.00 1389.00 1139.00 721.00 1387.00 1327.00
248.00 1325.00 1223.00 1414.00 29.00 1290.00
1051.00 1302.00 1759.00 1788.00 1102.00 1834.00
793.00 1294.00 1395.00 1664.00 1292.00 1267.00
39.00 1846.00 1224.00 1982.00 1569.00 873.00
542.00 993.00 1394.00 1163.00 1772.00 1685.00
143.00 949.00 589.00 1292.00 1294.00 1481.00
1115.00 636.00 782.00 1427.00 192.00 1829.00
357.00 1103.00 1047.00 1608.00 758.00 1730.00
1413.00 1219.00 223.00 1129.00 642.00 756.00
616.00 1945.00 41.00 1457.00 1425.00 1401.00
826.00 1373.00 191.00 1703.00 1080.00 1798.00
1442.00 1305.00 1059.00 653.00 385.00 1197.00
1456.00 1179.00 1074.00 84.00 1539.00 1210.00
1989.00 952.00 1279.00 1356.00 1032.00 468.00
783.00 1737.00 1873.00 1280.00 1943.00 1514.00
1175.00 424.00 185.00 1547.00 783.00 1112.00
1189.00 941.00 1269.00 1817.00 365.00 938.00
635.00 1593.00 1386.00 1293.00 1589.00 799.00
732.00 1424.00 980.00 189.00 967.00 1813.00
1310.00 846.00 936.00 618.00 1681.00 1303.00
77.00 658.00 712.00 1438.00 1014.00 2011.00
94.00 1058.00 350.00 1104.00 1697.00 1471.00
1225.00 18.00 1480.00 638.00 1973.00 1324.00
1133.00 1912.00 1903.00 651.00 882.00 1204.00
258.00 457.00 1421.00 1484.00 1883.00 808.00
1002.00 1258.00 1428.00 1577.00 757.00 973.00
1906.00 701.00 1603.00 1451.00 121.00 236.00
1468.00 917.00 1133.00 1666.00 355.00 2047.00
1318.00 1220.00 754.00 586.00 1012.00 1938.00
1546.00 1746.00 1464.00 879.00 1655.00 812.00
1475.00 950.00 196.00 594.00 759.00 1479.00
19.00 1458.00 1689.00 1091.00 1143.00 1570.00
1202.00 907.00 848.00 1005.00 1885.00 1504.00
349.00 1021.00 1361.00 927.00 1501.00 44.00
987.00 630.00 1130.00 1784.00 1571.00 1522.00
1542.00 923.00 1563.00 2021.00 965.00 1056.00
739.00 1264.00 709.00 908.00 1136.00 1552.00
1373.00 191.00 1406.00 743.00 1798.00 1156.00
1431.00 1562.00 1321.00 164.00 1330.00 837.00
883.00 421.00 849.00 1801.00 338.00 1017.00
1992.00 1429.00 1087.00 1374.00 1920.00 156.00
453.00 1206.00 1732.00 1339.00 1778.00 1389.00
1498.00 1507.00 1336.00 1015.00 1013.00 1704.00
1392.00 714.00 799.00 160.00 1629.00 1673.00
1448.00 1545.00 1519.00 397.00 1954.00 1277.00
1716.00 8.00 270.00 1311.00 781.00 1388.00
1941.00 324.00 1384.00 1124.00 2016.00 1300.00
1594.00 1814.00 1901.00 905.00 687.00 1891.00
944.00 913.00 177.00 180.00 958.00 1014.00
775.00 1157.00 1150.00 1816.00 1590.00 857.00
1067.00 1526.00 1391.00 469.00 1000.00 1414.00
962.00 2013.00 1268.00 1599.00 2006.00 1723.00
606.00 1148.00 858.00 1579.00 1055.00 1951.00
1633.00 1160.00 414.00 1691.00 1422.00 1164.00
986.00 2003.00 733.00 1392.00 1521.00 1589.00
1977.00 916.00 1627.00 1243.00 680.00 24.00
1910.00 1161.00 1597.00 2029.00 336.00 1661.00
1781.00 1963.00 1085.00 1934.00 904.00 1170.00
1858.00 844.00 2037.00 397.00 1722.00 202.00
1497.00 1959.00 1698.00 1008.00 905.00 1901.00
1985.00 1895.00 1686.00 1237.00 1864.00 1034.00
1462.00 1437.00 1896.00 707.00 1981.00 691.00
220.00 1234.00 622.00 1742.00 1811.00 1505.00
1956.00 127.00 914.00 1586.00 1095.00 875.00
319.00 137.00 1973.00 870.00 1225.00 1116.00
844.00 1735.00 149.00 1858.00 1171.00 1200.00
480.00 1681.00 1772.00 1932.00 1308.00 1394.00
439.00 1898.00 1331.00 1478.00 1711.00 1646.00
903.00 474.00 1640.00 1729.00 1271.00 1366.00
1949.00 1060.00 1239.00 955.00 969.00 1663.00
300.00 963.00 993.00 1527.00 181.00 1003.00
1793.00 766.00 1998.00 1748.00 1467.00 1382.00
810.00 83.00 1800.00 1086.00 1180.00 1602.00
1128.00 1744.00 1598.00 1731.00 1420.00 1528.00
364.00 1323.00 1096.00 1812.00 1314.00 1349.00
1141.00 1166.00 1623.00 1535.00 1672.00 1648.00
1582.00 822.00 1928.00 1530.00 1843.00 1015.00
1184.00 1183.00 1265.00 1868.00 829.00 778.00
902.00 1749.00 1960.00 1266.00 1427.00 931.00
1221.00 254.00 685.00 1581.00 1551.00 1853.00
1849.00 1242.00 1208.00 74.00 1260.00 845.00
1553.00 1492.00 1908.00 1306.00 9.00 1872.00
1173.00 1017.00 1254.00 2007.00 1004.00 1869.00
1031.00 1842.00 1924.00 1029.00 231.00 1639.00
305.00 1621.00 807.00 2037.00 1307.00 1578.00
925.00 997.00 1411.00 1218.00 238.00 1561.00
1459.00 264.00 294.00 1278.00 1435.00 1642.00
812.00 626.00 1236.00 1721.00 1057.00 1491.00
1765.00 237.00 1482.00 818.00 951.00 802.00
1687.00 1997.00 1696.00 407.00 1010.00 688.00
377.00 328.00 1567.00 1379.00 755.00 1152.00
239.00 1016.00 1476.00 1806.00 880.00 1385.00
1884.00 1558.00 647.00 976.00 811.00 1670.00
1400.00 1020.00 1019.00 1688.00 1335.00 1986.00
1041.00 1487.00 811.00 172.00 1363.00 1677.00
805.00 1235.00 1261.00 866.00 1024.00 836.00
365.00 176.00 1435.00 975.00 1078.00 82.00
1913.00 2001.00 1178.00 1049.00 91.00 1610.00
1685.00 1337.00 74.00 306.00 1063.00 1242.00
1052.00 673.00 1070.00 1771.00 1693.00 1408.00
1090.00 1432.00 681.00 1101.00 1925.00 11.00
732.00 2034.00 1403.00 1493.00 2035.00 1486.00
1291.00 1757.00 1119.00 1212.00 1334.00 402.00
1822.00 2043.00 898.00 1502.00 1958.00 1538.00
1575.00 860.00 1950.00 97.00 1890.00 1077.00
578.00 1291.00 1584.00 623.00 52.00 1850.00
1360.00 1774.00 274.00 1041.00 409.00 1855.00
722.00 1439.00 1573.00 26.00 368.00 1719.00
1927.00 1879.00 1612.00 1866.00 1399.00 1531.00
1927.00 1541.00 1068.00 422.00 226.00 1399.00
1726.00 668.00 1659.00 1220.00 1938.00 988.00
210.00 932.00 1503.00 1620.00 1032.00 1815.00
652.00 1826.00 1852.00 297.00 1253.00 1355.00
788.00 445.00 1671.00 1481.00 1319.00 174.00
595.00 1008.00 1497.00 1585.00 1959.00 1680.00
1386.00 1863.00 996.00 1593.00 1999.00 1293.00
1601.00 1933.00 61.00 939.00 959.00 1088.00
1320.00 887.00 1368.00 623.00 1649.00 320.00
1475.00 1418.00 1871.00 1695.00 358.00 950.00
1351.00 1585.00 699.00 1034.00 1680.00 1497.00
1683.00 1879.00 1612.00 1483.00 226.00 69.00
1183.00 937.00 1574.00 206.00 1604.00 829.00
378.00 1098.00 1317.00 2033.00 1344.00 287.00
1705.00 1559.00 1449.00 1135.00 1455.00 1248.00
167.00 1416.00 1799.00 1423.00 922.00 1393.00
1127.00 1994.00 1286.00 526.00 1526.00 1067.00
1877.00 1508.00 1314.00 364.00 1861.00 1250.00
856.00 33.00 1288.00 401.00 1990.00 1222.00
1970.00 1549.00 151.00 451.00 828.00 1692.00
894.00 1795.00 80.00 417.00 1557.00 1631.00
1006.00 528.00 1579.00 293.00 2024.00 858.00
102.00 1694.00 387.00 1365.00 1076.00 1572.00
1328.00 1128.00 1937.00 1607.00 275.00 840.00
1449.00 1559.00 1135.00 1841.00 1888.00 1109.00
768.00 1289.00 169.00 1790.00 1630.00 456.00
888.00 120.00 1249.00 261.00 1214.00 1550.00
462.00 1472.00 333.00 974.00 1208.00 1025.00
1381.00 1653.00 674.00 246.00 1611.00 1221.00
385.00 587.00 932.00 1815.00 1305.00 48.00
1923.00 1660.00 1592.00 1794.00 1878.00 920.00
1457.00 745.00 1401.00 1176.00 155.00 2038.00
871.00 348.00 1797.00 734.00 223.00 1720.00
846.00 1113.00 181.00 1303.00 495.00 936.00
914.00 1953.00 1473.00 3.00 322.00 983.00
1139.00 1296.00 683.00 1922.00 109.00 1641.00
7.00 1244.00 1587.00 370.00 1838.00 1038.00
1505.00 1804.00 946.00 1742.00 538.00 1234.00
1584.00 1368.00 52.00 797.00 593.00 581.00
1452.00 1362.00 1045.00 53.00 1828.00 1315.00
1761.00 1777.00 764.00 308.00 1376.00 711.00
1251.00 86.00 161.00 1721.00 1491.00 563.00
961.00 106.00 375.00 1736.00 1700.00 1518.00
1752.00 1078.00 1490.00 1296.00 294.00 1739.00
1093.00 1880.00 224.00 243.00 1154.00 82.00
510.00 694.00 1276.00 1571.00 1522.00 1784.00
1282.00 1195.00 1117.00 1422.00 2041.00 391.00
1147.00 804.00 1565.00 263.00 99.00 953.00
1262.00 1658.00 288.00 1930.00 2010.00 1957.00
1099.00 1474.00 1770.00 971.00 1740.00 410.00
996.00 1593.00 493.00 799.00 1673.00 1629.00
658.00 1829.00 1115.00 482.00 1409.00 1785.00
671.00 1809.00 1419.00 1636.00 1564.00 929.00
319.00 1364.00 824.00 1324.00 1116.00 1228.00
2015.00 1728.00 1780.00 969.00 269.00 1322.00
357.00 1173.00 483.00 1047.00 1103.00 1727.00
1805.00 1887.00 261.00 271.00 644.00 1647.00
1129.00 484.00 211.00 703.00 1219.00 756.00
113.00 236.00 1312.00 1326.00 924.00 1916.00
304.00 1277.00 1805.00 1786.00 1073.00 1652.00
278.00 1131.00 1216.00 1783.00 1679.00 1763.00
1779.00 1371.00 1485.00 1420.00 1744.00 1528.00
568.00 1884.00 1892.00 1946.00 105.00 1558.00
1841.00 1559.00 1455.00 195.00 1837.00 1449.00
1124.00 1941.00 2016.00 194.00 752.00 1650.00
2039.00 199.00 742.00 1501.00 1591.00 1155.00
92.00 298.00 703.00 499.00 1219.00 1204.00
588.00 1027.00 1956.00 1635.00 1826.00 322.00
1197.00 48.00 727.00 1441.00 487.00 1305.00
1259.00 1543.00 1717.00 2023.00 1053.00 2025.00
1712.00 11.00 1037.00 465.00 466.00 1925.00
2027.00 1542.00 1056.00 340.00 869.00 1706.00
1950.00 97.00 1322.00 1728.00 1575.00 1890.00
1829.00 1014.00 496.00 177.00 1785.00 636.00
1926.00 470.00 1753.00 1205.00 278.00 1665.00
1165.00 1451.00 1906.00 1782.00 1603.00 236.00
907.00 1500.00 848.00 93.00 1164.00 1504.00
265.00 1126.00 886.00 1233.00 1948.00 1205.00
1371.00 1831.00 1490.00 1607.00 646.00 176.00
2042.00 1396.00 20.00 1935.00 1767.00 1397.00
979.00 1708.00 1502.00 1822.00 1320.00 1743.00
1453.00 1843.00 1582.00 835.00 1675.00 1900.00
1613.00 1106.00 465.00 1747.00 1338.00 318.00
1659.00 1726.00 228.00 1073.00 1669.00 586.00
1898.00 1572.00 1331.00 1893.00 1092.00 1995.00
1346.00 1393.00 1910.00 919.00 1597.00 2008.00
637.00 1564.00 1419.00 1636.00 1079.00 46.00
1832.00 1404.00 1440.00 966.00 332.00 240.00
1771.00 366.00 575.00 1070.00 1052.00 1693.00
1684.00 246.00 1944.00 233.00 1653.00 1978.00
1196.00 1049.00 204.00 91.00 1913.00 1328.00
189.00 62.00 724.00 1738.00 1450.00 335.00
1867.00 153.00 1309.00 1657.00 2040.00 1986.00
220.00 1820.00 946.00 1181.00 1505.00 796.00
1992.00 1920.00 1842.00 1374.00 231.00 95.00
531.00 159.00 1243.00 1977.00 1299.00 894.00
1101.00 576.00 119.00 284.00 1177.00 1617.00
1568.00 230.00 407.00 945.00 1997.00 73.00
1739.00 1296.00 25.00 1641.00 1859.00 1348.00
1471.00 1697.00 1138.00 94.00 991.00 201.00
555.00 1969.00 1581.00 1821.00 956.00 1020.00
194.00 1229.00 433.00 784.00 1057.00 1378.00
1895.00 1814.00 1686.00 699.00 523.00 1594.00
1030.00 565.00 170.00 1599.00 1687.00 2006.00
1323.00 1877.00 1958.00 1538.00 364.00 1096.00
1447.00 249.00 957.00 1495.00 23.00 1229.00
1896.00 1515.00 1981.00 707.00 1470.00 2004.00
1201.00 1918.00 120.00 2017.00 1383.00 1887.00
53.00 1828.00 268.00 1362.00 1851.00 2032.00
630.00 1522.00 1784.00 119.00 1276.00 1571.00
555.00 1853.00 1638.00 1551.00 291.00 1988.00
1080.00 1329.00 1644.00 766.00 235.00 1703.00
1801.00 1760.00 154.00 849.00 1626.00 1295.00
1118.00 2032.00 1315.00 978.00 279.00 1662.00
595.00 1497.00 1864.00 241.00 1585.00 1698.00
1486.00 1001.00 178.00 1991.00 2035.00 339.00
1342.00 121.00 236.00 502.00 454.00 1818.00
81.00 834.00 1111.00 392.00 1787.00 419.00
1219.00 1651.00 882.00 211.00 651.00 1903.00
1674.00 1156.00 1373.00 486.00 168.00 816.00
1618.00 320.00 289.00 1839.00 1217.00 1715.00
1230.00 1450.00 1161.00 451.00 167.00 2005.00
1437.00 1981.00 1470.00 2004.00 1515.00 537.00
197.00 1507.00 1794.00 792.00 1634.00 1704.00
512.00 262.00 1247.00 1264.00 1454.00 213.00
1967.00 1022.00 2022.00 1469.00 1285.00 100.00
1283.00 804.00 1777.00 308.00 99.00 625.00
1185.00 1438.00 2028.00 207.00 1415.00 1151.00
1544.00 790.00 1150.00 848.00 1899.00 252.00
519.00 40.00 1764.00 1959.00 1008.00 986.00
1657.00 1745.00 342.00 906.00 677.00 1867.00
1904.00 1533.00 1071.00 242.00 1788.00 5.00
1235.00 836.00 154.00 805.00 1626.00 1614.00
683.00 1859.00 25.00 1040.00 310.00 1348.00
215.00 755.00 1624.00 918.00 1718.00 1158.00
2014.00 11.00 1432.00 466.00 1090.00 1925.00
2000.00 1327.00 134.00 1387.00 475.00 1097.00
1719.00 583.00 368.00 1710.00 1972.00 1573.00
359.00 1352.00 175.00 1676.00 890.00 729.00
1936.00 794.00 1463.00 335.00 875.00 1738.00
1622.00 302.00 1874.00 792.00 1637.00 1532.00
1716.00 1796.00 1054.00 1461.00 117.00 367.00
815.00 653.00 1654.00 1441.00 351.00 1197.00
1190.00 351.00 367.00 1257.00 1902.00 1461.00
359.00 1676.00 1682.00 1352.00 459.00 1125.00
404.00 341.00 847.00 1072.00 1840.00 1517.00
139.00 800.00 1619.00 1246.00 1234.00 1804.00
577.00 1813.00 178.00 1493.00 967.00 1486.00
530.00 2012.00 1967.00 1628.00 1521.00 2003.00
76.00 617.00 223.00 1413.00 1797.00 863.00
1274.00 1791.00 1359.00 1850.00 1961.00 1942.00
1713.00 1375.00 291.00 65.00 1638.00 1298.00
135.00 1217.00 2009.00 1402.00 1076.00 979.00
1018.00 368.00 287.00 1439.00 1983.00 158.00
1188.00 2020.00 1833.00 103.00 1247.00 139.00
1436.00 1878.00 1592.00 744.00 37.00 255.00
1460.00 1301.00 1886.00 1681.00 125.00 1932.00
1459.00 264.00 1762.00 650.00 2039.00 970.00
943.00 1332.00 111.00 1154.00 224.00 1406.00
1001.00 1146.00 740.00 1897.00 255.00 339.00
1353.00 1176.00 616.00 786.00 1457.00 2038.00
2046.00 1724.00 1207.00 1940.00 218.00 5.00
212.00 1226.00 430.00 1465.00 1313.00 2030.00
266.00 735.00 1791.00 221.00 1274.00 1942.00
202.00 807.00 954.00 1848.00 88.00 1722.00
1213.00 1408.00 985.00 272.00 1199.00 769.00
0.00 1684.00 247.00 233.00 1978.00 1987.00
87.00 1941.00 2016.00 649.00 1124.00 522.00
1775.00 103.00 1679.00 416.00 1783.00 1131.00
867.00 1510.00 1307.00 504.00 305.00 1220.00
566.00 377.00 719.00 1379.00 1718.00 215.00
484.00 642.00 211.00 1219.00 1204.00 1129.00
501.00 1258.00 1287.00 1577.00 1347.00 79.00
483.00 2036.00 1608.00 1730.00 1358.00 357.00
885.00 950.00 506.00 196.00 1475.00 358.00
1668.00 295.00 119.00 1617.00 1177.00 1130.00
296.00 2031.00 1187.00 304.00 767.00 851.00
1255.00 276.00 1745.00 67.00 906.00 376.00
1975.00 742.00 44.00 264.00 1762.00 1093.00
19.00 1143.00 1376.00 308.00 1761.00 625.00
347.00 1971.00 2025.00 116.00 1717.00 1053.00
696.00 1382.00 235.00 547.00 1793.00 193.00
1652.00 133.00 304.00 1647.00 1682.00 761.00
1123.00 2026.00 1289.00 169.00 1790.00 456.00
1199.00 373.00 162.00 1555.00 1213.00 1823.00
1978.00 1844.00 821.00 246.00 232.00 1301.00
1931.00 1866.00 114.00 861.00 415.00 1600.00
1563.00 1215.00 1354.00 511.00 214.00 372.00
257.00 396.00 27.00 872.00 1993.00 1511.00
1224.00 1238.00 1964.00 432.00 2019.00 1909.00
981.00 857.00 1816.00 1667.00 21.00 437.00
1605.00 131.00 393.00 1881.00 461.00 893.00
1105.00 250.00 1488.00 108.00 1556.00 455.00
113.00 1184.00 161.00 553.00 1265.00 1312.00
929.00 1560.00 982.00 130.00 1655.00 1272.00
442.00 300.00 112.00 1120.00 1855.00 1527.00
521.00 8.00 881.00 1716.00 270.00 1388.00
463.00 192.00 1829.00 482.00 177.00 1369.00
1280.00 66.00 490.00 1943.00 491.00 1547.00
1546.00 827.00 1384.00 686.00 1746.00 433.00
988.00 1545.00 1578.00 397.00 2037.00 305.00
391.00 745.00 1418.00 2038.00 1871.00 353.00
363.00 129.00 1065.00 1261.00 836.00 1058.00
1509.00 1671.00 589.00 1240.00 869.00 1319.00
831.00 116.00 1259.00 1281.00 1980.00 1714.00
1590.00 1150.00 713.00 329.00 1544.00 1202.00
1088.00 1996.00 959.00 140.00 1601.00 1870.00
197.00 1704.00 1947.00 1637.00 901.00 725.00
1395.00 478.00 445.00 949.00 1294.00 174.00
1738.00 303.00 875.00 724.00 189.00 1936.00
1144.00 1758.00 276.00 1343.00 1255.00 229.00
946.00 16.00 1811.00 2036.00 678.00 220.00
1368.00 281.00 1250.00 404.00 1584.00 623.00
171.00 1751.00 1121.00 1769.00 878.00 260.00
1673.00 493.00 1589.00 519.00 635.00 190.00
731.00 139.00 1619.00 1234.00 1742.00 1188.00
1285.00 2013.00 1268.00 2018.00 225.00 100.00
1557.00 1827.00 1646.00 80.00 1478.00 818.00
994.00 1917.00 151.00 1055.00 337.00 1856.00
1565.00 711.00 263.00 632.00 1283.00 99.00
1614.00 1235.00 154.00 717.00 1024.00 571.00
1081.00 1616.00 1214.00 120.00 343.00 1206.00
1578.00 1848.00 399.00 1725.00 202.00 749.00
500.00 457.00 1193.00 1138.00 1773.00 1883.00
1945.00 1182.00 1425.00 379.00 1524.00 485.00
1800.00 1180.00 1523.00 548.00 227.00 1195.00
568.00 1734.00 172.00 976.00 1487.00 570.00
1236.00 563.00 1746.00 1464.00 505.00 1057.00
1262.00 1241.00 218.00 85.00 1930.00 1207.00
1757.00 394.00 164.00 1321.00 1915.00 1048.00
1654.00 487.00 1197.00 727.00 1441.00 1442.00
328.00 1367.00 1156.00 704.00 1674.00 1380.00
240.00 332.00 1440.00 1907.00 1404.00 1832.00
564.00 244.00 802.00 1765.00 1557.00 1795.00
1819.00 460.00 30.00 1140.00 1768.00 1645.00
1453.00 928.00 835.00 1968.00 1100.00 128.00
0.00 1844.00 422.00 1107.00 770.00 418.00
1807.00 205.00 552.00 1582.00 1928.00 1215.00
992.00 1701.00 61.00 959.00 313.00 369.00
1228.00 638.00 172.00 1041.00 1677.00 409.00
998.00 1297.00 326.00 395.00 940.00 1433.00
68.00 1080.00 168.00 1083.00 78.00 486.00
1546.00 324.00 433.00 784.00 1378.00 57.00
2034.00 151.00 1917.00 104.00 299.00 604.00
256.00 1868.00 1183.00 1604.00 51.00 553.00
1085.00 533.00 59.00 431.00 1153.00 1781.00
1980.00 1494.00 447.00 1281.00 789.00 2002.00
1592.00 1634.00 1436.00 352.00 1878.00 122.00
879.00 57.00 443.00 1227.00 1546.00 292.00
1534.00 392.00 702.00 81.00 1787.00 1051.00
1100.00 128.00 1968.00 1675.00 820.00 1900.00
717.00 129.00 1614.00 571.00 787.00 1235.00
514.00 1848.00 399.00 253.00 1725.00 1562.00
1619.00 262.00 61.00 992.00 1454.00 369.00
459.00 55.00 1125.00 1201.00 271.00 314.00
1196.00 608.00 275.00 1610.00 204.00 1328.00
1089.00 880.00 378.00 1016.00 239.00 54.00
406.00 1405.00 266.00 1444.00 36.00 1087.00
47.00 1282.00 1422.00 1633.00 1160.00 1656.00
1722.00 397.00 1448.00 1858.00 534.00 541.00
280.00 208.00 556.00 1789.00 1260.00 1849.00
181.00 1681.00 1303.00 618.00 1772.00 495.00
1929.00 474.00 216.00 1961.00 404.00 1517.00
713.00 508.00 661.00 1544.00 1202.00 93.00
75.00 697.00 1760.00 338.00 1554.00 515.00
412.00 1443.00 1341.00 926.00 1966.00 98.00
1669.00 1451.00 761.00 2031.00 296.00 121.00
1325.00 1290.00 382.00 140.00 1088.00 1996.00
321.00 827.00 249.00 433.00 1227.00 1447.00
1396.00 182.00 1169.00 1767.00 449.00 1377.00
34.00 1957.00 2010.00 288.00 1445.00 1755.00
603.00 33.00 1990.00 1288.00 401.00 1023.00
1899.00 1667.00 252.00 775.00 1157.00 525.00
528.00 606.00 293.00 2024.00 1970.00 151.00
429.00 1803.00 1333.00 460.00 171.00 1520.00
580.00 238.00 1950.00 1580.00 1575.00 1561.00
771.00 415.00 1931.00 1415.00 1600.00 114.00
941.00 1162.00 1033.00 975.00 1189.00 325.00
1413.00 871.00 1797.00 348.00 76.00 734.00
1352.00 323.00 55.00 175.00 459.00 910.00
1117.00 184.00 1422.00 1412.00 428.00 227.00
38.00 571.00 1882.00 1235.00 1024.00 290.00
1510.00 754.00 1307.00 1405.00 406.00 107.00
730.00 1840.00 1275.00 341.00 1072.00 22.00
1509.00 656.00 788.00 2027.00 1706.00 1319.00
935.00 319.00 1973.00 1284.00 540.00 1116.00
1797.00 348.00 617.00 1169.00 863.00 1720.00
1993.00 1824.00 1921.00 773.00 396.00 426.00
39.00 1905.00 1982.00 386.00 1741.00 1224.00
1566.00 452.00 152.00 1122.00 1808.00 1410.00
303.00 1936.00 1463.00 724.00 1095.00 539.00
1719.00 1046.00 1865.00 461.00 1018.00 1983.00
1644.00 235.00 349.00 98.00 1536.00 1443.00
1520.00 171.00 798.00 1976.00 989.00 429.00
505.00 1560.00 1655.00 1546.00 292.00 57.00
142.00 567.00 1476.00 1806.00 1398.00 1385.00
1796.00 1388.00 270.00 1716.00 781.00 367.00
703.00 92.00 1912.00 355.00 1651.00 1903.00
1295.00 338.00 1760.00 515.00 1801.00 290.00
39.00 1905.00 1982.00 1569.00 1035.00 213.00
1965.00 196.00 759.00 370.00 1479.00 312.00
1233.00 1948.00 1205.00 662.00 265.00 1525.00
394.00 320.00 1839.00 593.00 52.00 1649.00
1249.00 1214.00 343.00 471.00 611.00 1028.00
164.00 1048.00 837.00 297.00 514.00 1562.00
1187.00 1906.00 14.00 296.00 660.00 359.00
106.00 1530.00 372.00 1518.00 205.00 901.00
1897.00 339.00 104.00 2034.00 1403.00 1146.00
1881.00 393.00 461.00 776.00 1372.00 1605.00
1631.00 605.00 1243.00 159.00 680.00 1795.00
1010.00 1568.00 1696.00 407.00 945.00 12.00
1555.00 345.00 467.00 162.00 968.00 1434.00
1924.00 51.00 1574.00 1604.00 231.00 1992.00
669.00 2043.00 579.00 1898.00 1893.00 42.00
510.00 1159.00 49.00 1784.00 295.00 987.00
2040.00 1986.00 906.00 1588.00 153.00 342.00
1530.00 1947.00 518.00 375.00 106.00 792.00
405.00 192.00 554.00 1810.00 1960.00 942.00
438.00 1809.00 1419.00 361.00 1729.00 1271.00
533.00 431.00 1963.00 1026.00 1781.00 59.00
1891.00 1698.00 1901.00 523.00 535.00 241.00
715.00 1309.00 276.00 900.00 1745.00 342.00
1164.00 1504.00 234.00 661.00 1500.00 1885.00
369.00 1264.00 1454.00 512.00 1552.00 1246.00
1379.00 1367.00 1158.00 377.00 328.00 1152.00
721.00 864.00 1327.00 134.00 323.00 55.00
387.00 1827.00 1186.00 1851.00 1572.00 237.00
1817.00 1880.00 1269.00 1166.00 1648.00 1830.00
464.00 1643.00 180.00 524.00 1340.00 1167.00
1586.00 652.00 539.00 3.00 322.00 1956.00
1519.00 1277.00 261.00 1805.00 1550.00 520.00
24.00 2030.00 1627.00 531.00 1243.00 1313.00
1857.00 360.00 198.00 1666.00 355.00 1515.00
755.00 215.00 1718.00 1624.00 90.00 719.00
64.00 297.00 670.00 336.00 1910.00 1253.00
615.00 473.00 1756.00 1660.00 1923.00 1108.00
2038.00 391.00 1134.00 1876.00 1176.00 353.00
1416.00 149.00 1423.00 2024.00 293.00 600.00
1354.00 1417.00 2021.00 965.00 511.00 70.00
1782.00 1916.00 1165.00 643.00 236.00 660.00
1182.00 379.00 1945.00 561.00 1425.00 1524.00
850.00 1443.00 412.00 1951.00 1148.00 193.00
509.00 1798.00 1329.00 349.00 191.00 1021.00
1645.00 1100.00 277.00 1968.00 820.00 398.00
1560.00 779.00 361.00 1272.00 637.00 1636.00
1466.00 1107.00 1939.00 226.00 1483.00 1683.00
1625.00 1030.00 554.00 1266.00 58.00 388.00
210.00 614.00 1815.00 468.00 1583.00 587.00
156.00 1606.00 389.00 454.00 51.00 1318.00
1039.00 1275.00 188.00 438.00 1496.00 22.00
1228.00 112.00 582.00 409.00 1774.00 319.00
1988.00 618.00 1551.00 291.00 1303.00 115.00
206.00 597.00 1236.00 1979.00 315.00 1574.00
1817.00 110.00 1033.00 941.00 492.00 325.00
992.00 1933.00 1701.00 61.00 592.00 313.00
1587.00 326.00 825.00 1835.00 395.00 1370.00
1189.00 862.00 492.00 938.00 325.00 50.00
1810.00 1825.00 1984.00 463.00 405.00 32.00
743.00 1535.00 1332.00 243.00 1154.00 458.00
1643.00 415.00 1879.00 1531.00 69.00 958.00
682.00 407.00 1997.00 1568.00 895.00 12.00
1820.00 1811.00 16.00 678.00 622.00 1505.00
1873.00 144.00 311.00 1737.00 1526.00 1994.00
1267.00 371.00 1860.00 380.00 1985.00 1664.00
1395.00 445.00 481.00 478.00 143.00 1481.00
594.00 1418.00 759.00 47.00 358.00 506.00
1299.00 1646.00 1482.00 80.00 564.00 417.00
1989.00 437.00 150.00 1356.00 1279.00 1168.00
1442.00 385.00 1503.00 1583.00 1059.00 1147.00
434.00 1346.00 253.00 2008.00 749.00 1848.00
1663.00 545.00 1252.00 1239.00 1494.00 969.00
1875.00 1969.00 685.00 209.00 1381.00 1821.00
853.00 1229.00 1447.00 433.00 23.00 690.00
415.00 1531.00 524.00 944.00 1600.00 207.00
592.00 1870.00 1601.00 823.00 791.00 313.00
392.00 1222.00 157.00 1111.00 419.00 1854.00
1709.00 1700.00 627.00 1532.00 132.00 106.00
420.00 2012.00 527.00 100.00 1521.00 2013.00
546.00 1120.00 300.00 45.00 993.00 1527.00
1995.00 1502.00 217.00 2043.00 163.00 1893.00
1417.00 923.00 1807.00 1498.00 511.00 273.00
1553.00 1832.00 9.00 1306.00 1440.00 672.00
1493.00 1813.00 732.00 299.00 980.00 62.00
896.00 87.00 345.00 1069.00 467.00 1075.00
955.00 545.00 1060.00 639.00 1663.00 269.00
1263.00 109.00 453.00 1278.00 1459.00 742.00
1770.00 267.00 1740.00 1099.00 84.00 1456.00
1907.00 1955.00 96.00 817.00 1203.00 1084.00
1002.00 1428.00 327.00 1258.00 501.00 79.00
333.00 612.00 462.00 208.00 1632.00 1208.00
365.00 176.00 1607.00 862.00 1033.00 608.00
568.00 1364.00 356.00 172.00 811.00 1558.00
241.00 1891.00 435.00 1707.00 1237.00 1042.00
2032.00 279.00 698.00 1118.00 1053.00 1662.00
1502.00 2009.00 1743.00 135.00 316.00 665.00
1813.00 1424.00 676.00 494.00 967.00 62.00
1168.00 437.00 952.00 1989.00 1356.00 21.00
1639.00 779.00 130.00 1031.00 315.00 1979.00
1953.00 384.00 2.00 619.00 1011.00 1489.00
1522.00 145.00 1079.00 1847.00 282.00 1564.00
10.00 1213.00 1070.00 750.00 373.00 1199.00
714.00 2003.00 530.00 1628.00 190.00 1392.00
510.00 630.00 1130.00 899.00 1159.00 49.00
305.00 1220.00 586.00 63.00 1659.00 785.00
1690.00 429.00 878.00 171.00 1976.00 859.00
427.00 1808.00 317.00 1566.00 452.00 1062.00
350.00 1471.00 1484.00 94.00 684.00 1733.00
369.00 823.00 838.00 939.00 1454.00 1701.00
1772.00 1163.00 181.00 45.00 546.00 480.00
151.00 1917.00 803.00 337.00 1856.00 104.00
158.00 1046.00 331.00 1344.00 287.00 1018.00
1629.00 160.00 591.00 1293.00 635.00 1863.00
580.00 1580.00 1218.00 1561.00 561.00 1411.00
395.00 326.00 1433.00 825.00 1123.00 1370.00
1397.00 1109.00 20.00 195.00 472.00 1935.00
469.00 248.00 526.00 1414.00 29.00 1391.00
700.00 37.00 2035.00 744.00 1991.00 339.00
186.00 1066.00 327.00 1428.00 501.00 1529.00
1113.00 442.00 181.00 1527.00 546.00 780.00
1254.00 558.00 2007.00 1173.00 1245.00 307.00
907.00 1504.00 1885.00 1500.00 234.00 508.00
606.00 922.00 541.00 149.00 1579.00 28.00
374.00 1304.00 13.00 1149.00 309.00 1911.00
714.00 1901.00 190.00 1959.00 590.00 535.00
1759.00 185.00 1112.00 1834.00 424.00 1302.00
1997.00 407.00 1687.00 565.00 1696.00 591.00
384.00 1802.00 1715.00 289.00 101.00 126.00
1342.00 1938.00 504.00 1318.00 389.00 228.00
1336.00 1498.00 965.00 273.00 518.00 1507.00
658.00 207.00 1829.00 524.00 177.00 496.00
273.00 552.00 1928.00 518.00 1530.00 1675.00
1089.00 841.00 239.00 1806.00 378.00 1476.00
849.00 515.00 1869.00 421.00 558.00 75.00
1983.00 368.00 158.00 738.00 876.00 1046.00
1082.00 334.00 1688.00 569.00 1400.00 1020.00
1688.00 1969.00 1581.00 1019.00 334.00 43.00
509.00 1406.00 1501.00 44.00 927.00 224.00
426.00 710.00 2022.00 301.00 1967.00 1351.00
1990.00 1211.00 1854.00 157.00 401.00 856.00
38.00 805.00 866.00 1882.00 1235.00 571.00
1063.00 1615.00 1308.00 1472.00 462.00 612.00
904.00 71.00 59.00 1153.00 1407.00 431.00
336.00 1661.00 127.00 1253.00 652.00 1635.00
471.00 1966.00 1341.00 1174.00 888.00 1754.00
1640.00 1031.00 1842.00 95.00 559.00 259.00
688.00 2006.00 1268.00 1599.00 1625.00 388.00
315.00 982.00 259.00 1029.00 1639.00 559.00
587.00 1620.00 1279.00 118.00 468.00 489.00
862.00 138.00 975.00 938.00 325.00 365.00
148.00 595.00 536.00 699.00 1351.00 426.00
884.00 1552.00 213.00 1982.00 1569.00 386.00
444.00 71.00 1357.00 346.00 1226.00 1596.00
318.00 1613.00 655.00 2014.00 11.00 1712.00
7.00 370.00 1297.00 1838.00 1965.00 621.00
1275.00 934.00 1517.00 438.00 1929.00 1366.00
1348.00 718.00 2000.00 1097.00 134.00 310.00
1375.00 409.00 274.00 824.00 1677.00 1363.00
380.00 977.00 179.00 435.00 89.00 1707.00
662.00 108.00 455.00 1126.00 1105.00 1556.00
1755.00 298.00 1512.00 34.00 1430.00 1914.00
1362.00 237.00 624.00 1452.00 1186.00 268.00
1018.00 876.00 131.00 995.00 1881.00 1865.00
483.00 307.00 640.00 1103.00 166.00 1727.00
1915.00 297.00 814.00 164.00 1852.00 411.00
1913.00 1410.00 573.00 91.00 152.00 675.00
39.00 1964.00 1741.00 1224.00 432.00 1846.00
477.00 1102.00 147.00 1302.00 1534.00 1788.00
1347.00 1771.00 673.00 1693.00 200.00 575.00
279.00 2025.00 654.00 1971.00 765.00 2023.00
1902.00 726.00 1796.00 1257.00 117.00 367.00
528.00 193.00 1951.00 803.00 1793.00 1148.00
1336.00 656.00 214.00 1706.00 1563.00 511.00
321.00 686.00 812.00 784.00 1229.00 1746.00
350.00 1104.00 363.00 787.00 497.00 1065.00
1442.00 1147.00 953.00 487.00 385.00 263.00
969.00 1252.00 1663.00 362.00 1322.00 1949.00
1458.00 408.00 1537.00 187.00 1570.00 1836.00
1074.00 990.00 317.00 427.00 1539.00 6.00
1242.00 462.00 1337.00 306.00 574.00 1025.00
1142.00 302.00 1874.00 1304.00 425.00 1110.00
363.00 129.00 1058.00 787.00 350.00 1261.00
186.00 1909.00 1529.00 2019.00 1428.00 327.00
1286.00 1414.00 601.00 469.00 248.00 526.00
1399.00 585.00 173.00 1541.00 124.00 1194.00
467.00 1823.00 1499.00 162.00 345.00 1075.00
10.00 1693.00 575.00 985.00 673.00 1408.00
424.00 716.00 242.00 1175.00 1904.00 1788.00
1275.00 341.00 1840.00 868.00 730.00 22.00
63.00 1659.00 668.00 1669.00 304.00 1786.00
6.00 488.00 1210.00 1179.00 1062.00 1539.00
467.00 87.00 1499.00 1069.00 968.00 345.00
316.00 607.00 737.00 1694.00 102.00 1402.00
580.00 1890.00 2015.00 97.00 1728.00 1780.00
176.00 1490.00 572.00 294.00 1752.00 628.00
1564.00 46.00 1419.00 282.00 671.00 1271.00
1467.00 486.00 696.00 68.00 1703.00 826.00
517.00 1339.00 2017.00 806.00 120.00 1206.00
1019.00 153.00 334.00 1516.00 1776.00 1400.00
826.00 78.00 302.00 168.00 425.00 1756.00
1962.00 1292.00 89.00 972.00 96.00 1955.00
1781.00 1170.00 59.00 136.00 533.00 1934.00
1602.00 1412.00 1800.00 1180.00 548.00 83.00
406.00 842.00 1374.00 266.00 1429.00 516.00
791.00 1601.00 313.00 1870.00 959.00 1996.00
1317.00 2033.00 1016.00 239.00 378.00 54.00
284.00 681.00 576.00 720.00 1432.00 2014.00
19.00 1761.00 1689.00 1143.00 1570.00 507.00
964.00 1186.00 669.00 163.00 1893.00 1995.00
1975.00 629.00 264.00 82.00 763.00 1642.00
1588.00 383.00 1734.00 2040.00 153.00 1516.00
1586.00 1936.00 539.00 3.00 303.00 875.00
1508.00 1708.00 550.00 217.00 689.00 1822.00
1387.00 310.00 721.00 1348.00 2000.00 1040.00
1344.00 54.00 598.00 2033.00 1317.00 331.00
1862.00 971.00 267.00 634.00 1456.00 410.00
1453.00 820.00 398.00 1968.00 277.00 1900.00
576.00 1952.00 119.00 284.00 1617.00 681.00
1834.00 1051.00 147.00 1534.00 81.00 477.00
357.00 483.00 1047.00 640.00 1730.00 166.00
363.00 497.00 350.00 94.00 1058.00 1733.00
777.00 1043.00 455.00 250.00 108.00 1488.00
1338.00 1747.00 1350.00 283.00 667.00 1613.00
930.00 821.00 422.00 1939.00 418.00 226.00
197.00 302.00 1756.00 920.00 1622.00 1923.00
195.00 1841.00 1397.00 609.00 1888.00 999.00
425.00 1567.00 1142.00 1380.00 328.00 374.00
392.00 419.00 960.00 81.00 1787.00 702.00
1175.00 66.00 1009.00 185.00 1547.00 491.00
442.00 181.00 1298.00 291.00 1003.00 618.00
229.00 1758.00 212.00 795.00 67.00 376.00
225.00 1266.00 1960.00 636.00 1749.00 1427.00
319.00 18.00 1973.00 1228.00 540.00 638.00
1422.00 184.00 1195.00 865.00 428.00 631.00
53.00 1662.00 978.00 1315.00 698.00 347.00
1757.00 394.00 402.00 814.00 52.00 578.00
300.00 1527.00 1855.00 780.00 1774.00 112.00
403.00 72.00 1630.00 1751.00 798.00 1137.00
1566.00 427.00 317.00 874.00 1426.00 1808.00
326.00 456.00 768.00 169.00 2026.00 998.00
87.00 522.00 1941.00 752.00 649.00 1650.00
271.00 729.00 1647.00 459.00 1682.00 133.00
265.00 1948.00 1345.00 455.00 662.00 108.00
1514.00 1526.00 311.00 1994.00 1286.00 601.00
138.00 1731.00 549.00 1937.00 608.00 1528.00
484.00 76.00 223.00 1413.00 642.00 756.00
1668.00 295.00 1571.00 1784.00 510.00 760.00
278.00 645.00 1763.00 1783.00 416.00 1216.00
1695.00 594.00 1160.00 358.00 184.00 47.00
1912.00 499.00 503.00 2047.00 1666.00 92.00
184.00 1695.00 1117.00 353.00 1871.00 921.00
251.00 609.00 1559.00 1248.00 599.00 1449.00
512.00 1552.00 1264.00 386.00 884.00 213.00
403.00 72.00 1289.00 1630.00 1769.00 1121.00
1484.00 457.00 1773.00 808.00 684.00 201.00
1387.00 1263.00 1922.00 475.00 109.00 1641.00
277.00 1645.00 1819.00 30.00 819.00 1191.00
50.00 1372.00 551.00 1672.00 1623.00 393.00
1110.00 1064.00 1304.00 1911.00 132.00 374.00
19.00 1091.00 1689.00 1570.00 764.00 507.00
795.00 1758.00 376.00 1255.00 229.00 430.00
473.00 1660.00 165.00 1845.00 1146.00 255.00
1145.00 255.00 744.00 892.00 1897.00 339.00
1583.00 1442.00 953.00 263.00 632.00 1059.00
28.00 1951.00 412.00 926.00 528.00 1579.00
1142.00 961.00 1709.00 1007.00 309.00 132.00
713.00 329.00 252.00 1544.00 1590.00 1899.00
286.00 2028.00 1415.00 114.00 1889.00 712.00
377.00 909.00 13.00 1567.00 328.00 1110.00
381.00 71.00 1026.00 1036.00 431.00 1357.00
743.00 1880.00 1535.00 629.00 943.00 243.00
742.00 1206.00 1732.00 650.00 199.00 453.00
1367.00 111.00 816.00 513.00 1373.00 704.00
1168.00 525.00 857.00 1816.00 1667.00 21.00
1718.00 719.00 1270.00 377.00 1624.00 215.00
510.00 1784.00 987.00 899.00 295.00 49.00
843.00 1691.00 414.00 1132.00 1656.00 47.00
2029.00 532.00 1597.00 167.00 335.00 706.00
1831.00 862.00 1731.00 344.00 138.00 1128.00
993.00 45.00 1394.00 480.00 1685.00 330.00
661.00 529.00 1500.00 1504.00 907.00 414.00
1782.00 1603.00 14.00 1906.00 924.00 660.00
1830.00 1535.00 243.00 912.00 1648.00 551.00
464.00 1548.00 180.00 1340.00 1643.00 913.00
1157.00 150.00 981.00 437.00 952.00 21.00
854.00 348.00 871.00 1767.00 1377.00 182.00
1747.00 1350.00 136.00 533.00 283.00 1934.00
1754.00 1249.00 28.00 541.00 471.00 1735.00
1558.00 1919.00 1364.00 172.00 647.00 356.00
166.00 2007.00 1004.00 1254.00 1727.00 307.00
1028.00 1966.00 1536.00 423.00 98.00 343.00
1302.00 491.00 185.00 1547.00 1759.00 424.00
353.00 616.00 745.00 921.00 1876.00 2038.00
295.00 1276.00 119.00 1617.00 681.00 760.00
91.00 1610.00 452.00 1410.00 2001.00 573.00
1074.00 1099.00 488.00 84.00 1770.00 1456.00
1602.00 1086.00 548.00 428.00 810.00 83.00
1358.00 16.00 357.00 678.00 1608.00 1820.00
925.00 238.00 379.00 809.00 485.00 1524.00
206.00 553.00 597.00 829.00 1868.00 1184.00
206.00 1183.00 778.00 161.00 1251.00 553.00
1540.00 286.00 2011.00 712.00 2028.00 436.00
911.00 1092.00 1045.00 1827.00 439.00 268.00
359.00 890.00 761.00 1682.00 296.00 133.00
2020.00 739.00 1247.00 1246.00 139.00 800.00
325.00 492.00 938.00 365.00 862.00 941.00
1654.00 728.00 351.00 1257.00 117.00 1902.00
928.00 30.00 398.00 1768.00 1974.00 1140.00
1679.00 1763.00 103.00 441.00 1247.00 416.00
1421.00 457.00 1773.00 808.00 4.00 1883.00
1390.00 1068.00 124.00 585.00 247.00 1541.00
227.00 1523.00 1422.00 631.00 2041.00 1117.00
275.00 675.00 573.00 1610.00 1913.00 840.00
727.00 815.00 203.00 653.00 1654.00 487.00
1643.00 69.00 1483.00 1632.00 464.00 333.00
769.00 162.00 1823.00 1434.00 750.00 373.00
1722.00 149.00 88.00 541.00 844.00 1858.00
314.00 1918.00 1383.00 692.00 271.00 839.00
329.00 790.00 1544.00 848.00 508.00 93.00
1955.00 817.00 972.00 96.00 240.00 1404.00
499.00 1219.00 211.00 298.00 756.00 1914.00
886.00 265.00 1525.00 659.00 1233.00 1926.00
199.00 806.00 1616.00 1732.00 1081.00 517.00
746.00 2046.00 1724.00 218.00 1241.00 1940.00
1242.00 612.00 974.00 208.00 462.00 556.00
1946.00 245.00 1894.00 1678.00 1588.00 342.00
6.00 488.00 1539.00 1426.00 1074.00 427.00
401.00 1023.00 157.00 702.00 419.00 1854.00
36.00 402.00 578.00 1444.00 1595.00 1334.00
272.00 769.00 750.00 985.00 373.00 10.00
120.00 806.00 888.00 2017.00 611.00 343.00
372.00 70.00 1807.00 822.00 772.00 1928.00
470.00 1763.00 1665.00 1131.00 278.00 645.00
737.00 289.00 705.00 2009.00 1839.00 1402.00
561.00 860.00 997.00 97.00 1575.00 1561.00
642.00 484.00 756.00 298.00 1204.00 651.00
1938.00 586.00 988.00 305.00 504.00 754.00
1381.00 613.00 1611.00 1551.00 115.00 555.00
1854.00 960.00 157.00 603.00 1288.00 401.00
29.00 1325.00 1290.00 1000.00 476.00 140.00
39.00 479.00 1238.00 1741.00 774.00 873.00
1116.00 1973.00 498.00 540.00 137.00 1480.00
1313.00 2045.00 1465.00 212.00 346.00 1036.00
833.00 249.00 1546.00 321.00 853.00 57.00
1116.00 638.00 409.00 319.00 935.00 824.00
686.00 1495.00 249.00 433.00 23.00 1057.00
1799.00 1692.00 451.00 293.00 1416.00 706.00
1998.00 1748.00 1845.00 1467.00 165.00 337.00
1984.00 440.00 463.00 1702.00 32.00 1750.00
886.00 35.00 1525.00 1205.00 1926.00 662.00
220.00 1742.00 1804.00 800.00 538.00 731.00
836.00 805.00 866.00 1024.00 290.00 571.00
1721.00 206.00 812.00 937.00 563.00 1464.00
536.00 1985.00 1686.00 179.00 1895.00 435.00
1741.00 432.00 1224.00 774.00 1050.00 2019.00
17.00 1949.00 447.00 222.00 545.00 1494.00
2027.00 31.00 445.00 1671.00 788.00 1509.00
1940.00 813.00 218.00 2046.00 85.00 1207.00
556.00 462.00 1260.00 1337.00 74.00 1208.00
680.00 916.00 159.00 894.00 1977.00 531.00
7.00 621.00 370.00 1587.00 312.00 1838.00
558.00 1869.00 1554.00 421.00 75.00 1004.00
908.00 262.00 369.00 731.00 1619.00 1188.00
709.00 1188.00 739.00 103.00 441.00 2020.00
1705.00 1135.00 1455.00 251.00 599.00 1559.00
471.00 888.00 611.00 183.00 1550.00 1735.00
1861.00 602.00 1840.00 60.00 730.00 404.00
626.00 1236.00 206.00 1183.00 161.00 1184.00
17.00 1663.00 1949.00 362.00 955.00 1060.00
336.00 1027.00 1910.00 588.00 297.00 919.00
1173.00 166.00 307.00 2007.00 1004.00 558.00
1758.00 795.00 762.00 376.00 1144.00 276.00
411.00 126.00 394.00 1618.00 814.00 1915.00
203.00 1054.00 351.00 1190.00 728.00 1902.00
1428.00 757.00 1577.00 973.00 501.00 79.00
1543.00 1717.00 2025.00 116.00 1714.00 654.00
845.00 1849.00 280.00 74.00 556.00 1242.00
1024.00 129.00 787.00 363.00 571.00 1065.00
1658.00 633.00 1957.00 85.00 1930.00 813.00
453.00 109.00 970.00 1139.00 1389.00 475.00
1454.00 262.00 512.00 709.00 1552.00 908.00
1312.00 1868.00 553.00 256.00 778.00 1326.00
554.00 1268.00 1749.00 225.00 388.00 931.00
1860.00 1664.00 948.00 143.00 1395.00 478.00
527.00 801.00 2013.00 388.00 1030.00 2006.00
492.00 1817.00 82.00 912.00 1880.00 1648.00
215.00 1624.00 458.00 1158.00 719.00 1332.00
903.00 1366.00 1729.00 1419.00 544.00 188.00
1636.00 443.00 779.00 929.00 1560.00 292.00
361.00 141.00 929.00 443.00 1636.00 1560.00
1359.00 748.00 95.00 735.00 1942.00 1791.00
868.00 341.00 1072.00 934.00 1039.00 22.00
1571.00 119.00 630.00 694.00 1177.00 1784.00
1519.00 520.00 1954.00 915.00 63.00 1786.00
109.00 1459.00 264.00 620.00 970.00 562.00
150.00 468.00 1356.00 118.00 489.00 952.00
1943.00 783.00 1873.00 1737.00 66.00 490.00
831.00 447.00 789.00 1980.00 116.00 285.00
843.00 391.00 1418.00 47.00 1871.00 631.00
308.00 1565.00 1777.00 711.00 804.00 99.00
1480.00 1225.00 540.00 137.00 870.00 1973.00
390.00 710.00 801.00 2018.00 2013.00 100.00
601.00 469.00 526.00 1391.00 1127.00 1067.00
366.00 757.00 1577.00 1347.00 200.00 79.00
603.00 33.00 157.00 856.00 1990.00 1222.00
610.00 1137.00 456.00 1790.00 72.00 1630.00
29.00 248.00 852.00 476.00 1325.00 1223.00
1791.00 578.00 581.00 221.00 1334.00 1850.00
478.00 1084.00 1294.00 1664.00 371.00 1962.00
1999.00 1589.00 1386.00 420.00 591.00 493.00
481.00 793.00 478.00 1481.00 1292.00 174.00
697.00 338.00 154.00 1626.00 1760.00 1801.00
1752.00 683.00 1641.00 294.00 620.00 1739.00
7.00 1038.00 395.00 825.00 1838.00 1433.00
291.00 1375.00 736.00 1638.00 1113.00 442.00
605.00 1631.00 951.00 417.00 159.00 680.00
522.00 194.00 2016.00 324.00 1650.00 1384.00
770.00 1460.00 418.00 1886.00 1844.00 232.00
1051.00 1175.00 1759.00 477.00 1788.00 424.00
1310.00 936.00 846.00 495.00 115.00 618.00
1142.00 1911.00 446.00 132.00 1064.00 374.00
1815.00 48.00 487.00 385.00 653.00 614.00
1908.00 557.00 1872.00 966.00 9.00 1832.00
1621.00 560.00 754.00 867.00 107.00 305.00
1394.00 542.00 1615.00 1932.00 125.00 1681.00
900.00 1986.00 276.00 906.00 1335.00 677.00
1303.00 246.00 495.00 232.00 115.00 1611.00
726.00 270.00 881.00 521.00 1388.00 1716.00
113.00 1326.00 643.00 778.00 1265.00 1916.00
24.00 916.00 346.00 1226.00 747.00 2030.00
1766.00 602.00 1349.00 60.00 1861.00 364.00
53.00 1118.00 698.00 624.00 2032.00 1362.00
1977.00 400.00 1036.00 1596.00 1627.00 346.00
598.00 2033.00 1089.00 1344.00 54.00 1098.00
156.00 1938.00 504.00 389.00 933.00 1012.00
869.00 788.00 589.00 174.00 1671.00 1481.00
593.00 135.00 1368.00 1743.00 281.00 1708.00
402.00 1562.00 164.00 514.00 1757.00 814.00
657.00 362.00 1060.00 639.00 969.00 1728.00
1538.00 364.00 1958.00 689.00 550.00 1812.00
1116.00 18.00 1919.00 638.00 1364.00 498.00
1223.00 1290.00 382.00 791.00 852.00 140.00
113.00 1265.00 1312.00 1916.00 643.00 256.00
475.00 219.00 1387.00 910.00 721.00 55.00
204.00 840.00 675.00 1937.00 275.00 608.00
1703.00 696.00 927.00 191.00 235.00 1644.00
399.00 36.00 514.00 1431.00 107.00 1621.00
1893.00 669.00 543.00 1898.00 898.00 1711.00
943.00 458.00 215.00 1270.00 1535.00 111.00
859.00 460.00 2044.00 1819.00 1803.00 1520.00
1212.00 1444.00 1595.00 578.00 1291.00 221.00
677.00 1986.00 1309.00 276.00 1400.00 569.00
1563.00 372.00 518.00 1013.00 1498.00 1928.00
462.00 556.00 74.00 574.00 1242.00 1063.00
1106.00 1747.00 667.00 1350.00 465.00 136.00
314.00 517.00 1778.00 1383.00 1081.00 2017.00
440.00 180.00 1167.00 1548.00 1369.00 1750.00
1966.00 471.00 850.00 1754.00 1028.00 412.00
1012.00 1818.00 389.00 454.00 701.00 121.00
67.00 1255.00 276.00 1657.00 1309.00 795.00
2033.00 54.00 995.00 331.00 1098.00 1317.00
265.00 1126.00 455.00 1948.00 886.00 1525.00
253.00 954.00 2008.00 919.00 670.00 64.00
1771.00 1052.00 366.00 200.00 757.00 1287.00
718.00 1859.00 1641.00 1040.00 683.00 310.00
1096.00 1766.00 1861.00 1314.00 60.00 550.00
136.00 1747.00 1338.00 1106.00 1170.00 283.00
595.00 301.00 1034.00 426.00 1022.00 1680.00
1125.00 459.00 864.00 729.00 175.00 1676.00
1457.00 391.00 745.00 1876.00 2038.00 155.00
2021.00 70.00 772.00 340.00 511.00 923.00
588.00 1826.00 411.00 1852.00 1048.00 101.00
150.00 952.00 489.00 981.00 1279.00 1989.00
381.00 71.00 1153.00 1446.00 2045.00 1036.00
1730.00 2036.00 357.00 678.00 758.00 1181.00
1850.00 474.00 1961.00 1274.00 216.00 735.00
1855.00 582.00 1298.00 780.00 442.00 274.00
1591.00 423.00 1536.00 199.00 509.00 349.00
1315.00 624.00 693.00 1828.00 1045.00 268.00
1677.00 274.00 570.00 1041.00 1375.00 65.00
356.00 1919.00 1172.00 976.00 172.00 638.00
1513.00 1402.00 1694.00 102.00 607.00 1076.00
188.00 544.00 1929.00 474.00 1039.00 1271.00
328.00 215.00 816.00 909.00 111.00 1156.00
281.00 797.00 1320.00 593.00 1649.00 623.00
463.00 1750.00 177.00 180.00 782.00 1340.00
1835.00 326.00 2026.00 395.00 998.00 940.00
1831.00 646.00 1607.00 1528.00 663.00 344.00
50.00 893.00 1141.00 1605.00 393.00 1623.00
1798.00 486.00 191.00 704.00 1156.00 513.00
1992.00 1087.00 266.00 516.00 679.00 1920.00
274.00 1363.00 736.00 65.00 1041.00 1713.00
19.00 1761.00 1777.00 764.00 308.00 625.00
1720.00 182.00 348.00 1169.00 854.00 449.00
784.00 433.00 827.00 324.00 686.00 194.00
1718.00 215.00 909.00 566.00 755.00 1367.00
816.00 1674.00 1567.00 1110.00 425.00 328.00
1821.00 555.00 1611.00 209.00 613.00 1221.00
547.00 1748.00 766.00 337.00 1793.00 193.00
1201.00 1918.00 2017.00 314.00 692.00 1339.00
1546.00 522.00 686.00 1300.00 784.00 324.00
239.00 1398.00 567.00 1476.00 1806.00 880.00
1593.00 1293.00 1589.00 493.00 1999.00 591.00
310.00 1139.00 721.00 1097.00 475.00 1922.00
881.00 8.00 270.00 521.00 781.00 1311.00
1778.00 1263.00 219.00 475.00 517.00 453.00
0.00 247.00 1194.00 422.00 1987.00 1541.00
1286.00 469.00 1000.00 1526.00 144.00 526.00
530.00 160.00 519.00 1673.00 2003.00 986.00
1597.00 2029.00 670.00 434.00 1799.00 167.00
1163.00 480.00 306.00 1685.00 1308.00 542.00
1267.00 478.00 949.00 1294.00 793.00 143.00
472.00 1767.00 1935.00 664.00 449.00 854.00
1109.00 2042.00 195.00 999.00 20.00 664.00
413.00 142.00 1476.00 880.00 1385.00 567.00
1068.00 1927.00 226.00 584.00 585.00 1612.00
1335.00 1986.00 569.00 1019.00 153.00 1082.00
485.00 1876.00 41.00 1425.00 155.00 616.00
1217.00 737.00 1513.00 289.00 1076.00 102.00
577.00 1897.00 2035.00 2034.00 892.00 104.00
672.00 332.00 817.00 240.00 1203.00 1832.00
842.00 406.00 36.00 867.00 1087.00 107.00
743.00 224.00 513.00 1156.00 1021.00 1798.00
1576.00 71.00 444.00 381.00 2045.00 1036.00
1693.00 575.00 1070.00 985.00 750.00 272.00
2018.00 77.00 636.00 1469.00 1785.00 390.00
91.00 874.00 1178.00 1049.00 152.00 452.00
997.00 561.00 1580.00 1561.00 1524.00 379.00
865.00 1180.00 227.00 1086.00 428.00 1800.00
223.00 76.00 484.00 863.00 1129.00 734.00
526.00 1000.00 469.00 476.00 1067.00 248.00
114.00 207.00 861.00 712.00 1151.00 1600.00
1799.00 293.00 922.00 1692.00 600.00 1230.00
70.00 1807.00 923.00 965.00 273.00 511.00
1871.00 47.00 786.00 1282.00 950.00 594.00
1809.00 1729.00 1271.00 637.00 1564.00 1079.00
56.00 1744.00 344.00 1731.00 1598.00 549.00
1883.00 457.00 1193.00 808.00 4.00 500.00
1691.00 184.00 631.00 865.00 843.00 2041.00
434.00 1200.00 149.00 88.00 922.00 600.00
494.00 1813.00 1738.00 980.00 189.00 676.00
41.00 485.00 925.00 379.00 1401.00 1945.00
6.00 317.00 427.00 1539.00 1210.00 1122.00
1749.00 554.00 1115.00 482.00 192.00 1960.00
1002.00 1258.00 327.00 1066.00 973.00 501.00
1510.00 156.00 406.00 1087.00 1374.00 516.00
1512.00 1755.00 1445.00 1044.00 34.00 855.00
36.00 514.00 399.00 1562.00 1595.00 1330.00
720.00 11.00 466.00 1090.00 576.00 1925.00
1838.00 998.00 395.00 825.00 326.00 1297.00
1555.00 373.00 1199.00 896.00 162.00 467.00
1642.00 562.00 1078.00 572.00 1975.00 82.00
37.00 352.00 832.00 740.00 1592.00 1878.00
1515.00 2004.00 707.00 1981.00 198.00 537.00
77.00 2011.00 496.00 712.00 2028.00 436.00
1018.00 368.00 583.00 738.00 1983.00 158.00
817.00 672.00 966.00 1832.00 1907.00 240.00
653.00 487.00 815.00 1197.00 727.00 48.00
953.00 1059.00 815.00 385.00 487.00 48.00
235.00 926.00 193.00 1644.00 877.00 850.00
1334.00 36.00 1595.00 1405.00 842.00 1212.00
288.00 34.00 1755.00 855.00 1430.00 2010.00
212.00 1407.00 381.00 1357.00 2045.00 1036.00
1495.00 957.00 249.00 690.00 1229.00 853.00
183.00 397.00 1954.00 1519.00 844.00 520.00
1837.00 599.00 1888.00 648.00 1559.00 195.00
1699.00 62.00 335.00 676.00 2005.00 706.00
502.00 296.00 1906.00 851.00 1603.00 2031.00
624.00 1362.00 1828.00 53.00 237.00 1045.00
820.00 666.00 1100.00 1843.00 835.00 128.00
838.00 908.00 992.00 369.00 1264.00 262.00
599.00 1705.00 1449.00 1559.00 648.00 251.00
971.00 1179.00 84.00 1099.00 1740.00 488.00
616.00 745.00 2038.00 1353.00 155.00 485.00
1537.00 1570.00 187.00 1061.00 507.00 1689.00
1762.00 742.00 264.00 970.00 1278.00 562.00
418.00 741.00 125.00 1932.00 1886.00 123.00
728.00 1902.00 726.00 1054.00 117.00 367.00
707.00 1896.00 15.00 691.00 1470.00 537.00
1661.00 1936.00 875.00 335.00 724.00 127.00
130.00 1236.00 563.00 812.00 1655.00 505.00
747.00 1226.00 430.00 376.00 212.00 1792.00
1683.00 1472.00 930.00 418.00 123.00 1939.00
1080.00 68.00 1998.00 1748.00 1231.00 547.00
198.00 360.00 917.00 503.00 1437.00 2004.00
710.00 1506.00 390.00 2022.00 257.00 1285.00
1896.00 1981.00 707.00 2004.00 691.00 1515.00
684.00 497.00 350.00 1733.00 991.00 1697.00
1025.00 333.00 1466.00 123.00 612.00 1615.00
914.00 619.00 2.00 3.00 1953.00 983.00
634.00 250.00 267.00 1488.00 410.00 1740.00
358.00 196.00 759.00 950.00 506.00 594.00
239.00 1806.00 567.00 1385.00 1398.00 1016.00
1845.00 78.00 1231.00 1998.00 473.00 1145.00
1827.00 439.00 80.00 1646.00 802.00 543.00
885.00 312.00 506.00 196.00 370.00 1965.00
1324.00 1225.00 498.00 1973.00 1284.00 137.00
589.00 174.00 949.00 1319.00 481.00 1294.00
1646.00 387.00 564.00 237.00 951.00 1827.00
930.00 596.00 1198.00 1632.00 333.00 1683.00
1883.00 457.00 258.00 991.00 1773.00 1138.00
1744.00 1528.00 1598.00 646.00 1779.00 275.00
1991.00 2035.00 577.00 732.00 700.00 178.00
811.00 450.00 570.00 1734.00 1670.00 1516.00
1862.00 1556.00 267.00 777.00 250.00 1474.00
289.00 1513.00 2.00 1802.00 1011.00 983.00
628.00 1607.00 1078.00 663.00 1752.00 176.00
1057.00 1251.00 86.00 626.00 1721.00 563.00
413.00 557.00 9.00 1553.00 1908.00 1306.00
299.00 967.00 2034.00 1486.00 577.00 732.00
17.00 1239.00 447.00 2002.00 955.00 831.00
1057.00 321.00 249.00 1229.00 1447.00 690.00
188.00 46.00 1271.00 1039.00 934.00 438.00
535.00 1585.00 1959.00 699.00 1698.00 590.00
1015.00 1336.00 273.00 1928.00 965.00 1013.00
1069.00 87.00 649.00 1075.00 968.00 345.00
414.00 1164.00 1504.00 1005.00 907.00 234.00
1361.00 509.00 2039.00 1021.00 650.00 44.00
1822.00 217.00 979.00 2043.00 579.00 665.00
1815.00 1583.00 587.00 1620.00 210.00 385.00
1005.00 907.00 1500.00 93.00 1885.00 661.00
538.00 622.00 1804.00 946.00 678.00 220.00
1511.00 436.00 2011.00 1469.00 257.00 77.00
1634.00 1013.00 122.00 708.00 518.00 1704.00
1708.00 1877.00 281.00 1861.00 1096.00 602.00
1240.00 1706.00 788.00 869.00 656.00 214.00
156.00 1405.00 754.00 867.00 406.00 1429.00
773.00 257.00 1506.00 436.00 1993.00 2022.00
1044.00 1914.00 1219.00 298.00 34.00 1430.00
289.00 1402.00 1802.00 1489.00 102.00 1217.00
311.00 1873.00 1127.00 1737.00 1943.00 490.00
1857.00 360.00 1981.00 691.00 2004.00 1470.00
1082.00 1734.00 450.00 1094.00 153.00 1776.00
1929.00 341.00 1039.00 730.00 847.00 22.00
1736.00 1700.00 627.00 106.00 375.00 205.00
915.00 520.00 183.00 1550.00 1277.00 1448.00
429.00 1333.00 878.00 859.00 1803.00 1976.00
420.00 733.00 962.00 2012.00 530.00 2003.00
630.00 1571.00 1847.00 145.00 510.00 694.00
428.00 2041.00 810.00 227.00 1195.00 1800.00
1411.00 1182.00 238.00 1580.00 809.00 379.00
659.00 1233.00 1948.00 1205.00 265.00 886.00
947.00 1994.00 144.00 526.00 601.00 1127.00
1855.00 442.00 300.00 546.00 780.00 1003.00
1371.00 1485.00 1128.00 646.00 1744.00 275.00
1909.00 1066.00 1964.00 1002.00 327.00 186.00
1928.00 205.00 552.00 1015.00 901.00 375.00
1879.00 1866.00 415.00 944.00 69.00 584.00
1637.00 1874.00 961.00 446.00 725.00 132.00
1071.00 1904.00 716.00 1724.00 242.00 5.00
834.00 477.00 147.00 1102.00 81.00 1051.00
1166.00 458.00 551.00 243.00 1332.00 943.00
1361.00 1174.00 98.00 423.00 349.00 877.00
1061.00 408.00 187.00 1836.00 1570.00 1458.00
1958.00 579.00 1822.00 1812.00 1323.00 146.00
1426.00 1074.00 488.00 1062.00 427.00 1210.00
2011.00 1185.00 27.00 2028.00 436.00 286.00
1068.00 585.00 422.00 1390.00 124.00 1194.00
1706.00 2021.00 656.00 340.00 2027.00 511.00
654.00 2023.00 285.00 1714.00 1259.00 1717.00
329.00 790.00 848.00 713.00 1150.00 1899.00
63.00 520.00 1954.00 397.00 2037.00 785.00
879.00 784.00 827.00 1384.00 505.00 1746.00
1175.00 491.00 185.00 66.00 1112.00 783.00
208.00 1789.00 1340.00 1167.00 464.00 440.00
299.00 604.00 451.00 1699.00 62.00 2005.00
183.00 915.00 261.00 1249.00 1519.00 611.00
555.00 1853.00 1988.00 695.00 115.00 1221.00
908.00 1264.00 386.00 1136.00 512.00 1035.00
672.00 1306.00 9.00 1492.00 966.00 1908.00
75.00 1245.00 849.00 1760.00 421.00 338.00
896.00 467.00 373.00 1434.00 1823.00 769.00
410.00 1862.00 1488.00 108.00 250.00 777.00
802.00 1795.00 1646.00 80.00 818.00 605.00
1884.00 647.00 568.00 356.00 1946.00 976.00
251.00 1135.00 1455.00 648.00 609.00 1841.00
929.00 1655.00 779.00 1272.00 879.00 141.00
1218.00 1580.00 561.00 1575.00 860.00 238.00
889.00 164.00 837.00 1321.00 514.00 1725.00
772.00 1336.00 511.00 214.00 372.00 1056.00
282.00 1419.00 671.00 1079.00 637.00 1636.00
263.00 632.00 99.00 1147.00 1283.00 804.00
152.00 1122.00 1808.00 874.00 427.00 990.00
328.00 1152.00 1911.00 1110.00 374.00 1380.00
1696.00 230.00 407.00 945.00 895.00 12.00
39.00 1035.00 1846.00 884.00 479.00 1982.00
1458.00 1689.00 1143.00 1091.00 187.00 507.00
694.00 630.00 1276.00 119.00 1130.00 1668.00
316.00 669.00 1893.00 911.00 1694.00 387.00
1719.00 1710.00 583.00 26.00 1972.00 722.00
937.00 1604.00 315.00 897.00 1924.00 597.00
1950.00 657.00 1561.00 97.00 580.00 860.00
212.00 1407.00 1792.00 2045.00 1446.00 444.00
1258.00 501.00 757.00 1287.00 79.00 1428.00
785.00 807.00 560.00 202.00 2037.00 305.00
1006.00 1148.00 528.00 606.00 412.00 28.00
1411.00 997.00 238.00 1524.00 1561.00 860.00
334.00 555.00 1020.00 685.00 254.00 1969.00
552.00 1928.00 666.00 822.00 273.00 1843.00
210.00 932.00 1503.00 1815.00 953.00 385.00
581.00 216.00 1850.00 797.00 404.00 623.00
1959.00 40.00 595.00 590.00 1680.00 1497.00
539.00 303.00 1095.00 3.00 875.00 914.00
7.00 1244.00 940.00 1838.00 395.00 621.00
342.00 900.00 1094.00 2040.00 1894.00 1209.00
420.00 1386.00 799.00 493.00 530.00 1293.00
1150.00 329.00 525.00 1544.00 1899.00 790.00
199.00 423.00 1616.00 650.00 1361.00 1732.00
1878.00 352.00 615.00 1923.00 1660.00 1794.00
493.00 799.00 635.00 1386.00 73.00 591.00
905.00 40.00 1901.00 687.00 1814.00 523.00
36.00 1444.00 1212.00 1431.00 402.00 842.00
1627.00 346.00 444.00 1316.00 24.00 1036.00
670.00 1393.00 1161.00 1910.00 532.00 2029.00
1779.00 1485.00 1744.00 549.00 56.00 1420.00
1030.00 1687.00 688.00 170.00 2006.00 527.00
771.00 415.00 207.00 861.00 958.00 1415.00
592.00 382.00 1088.00 959.00 1870.00 791.00
1180.00 83.00 251.00 548.00 1412.00 1086.00
1906.00 502.00 660.00 236.00 1451.00 1782.00
1924.00 897.00 597.00 829.00 51.00 1574.00
893.00 1865.00 393.00 461.00 1881.00 776.00
389.00 454.00 1818.00 933.00 51.00 829.00
1371.00 608.00 663.00 1490.00 1831.00 176.00
357.00 16.00 1181.00 2036.00 483.00 758.00
334.00 450.00 1776.00 736.00 1713.00 65.00
1196.00 840.00 1913.00 91.00 573.00 204.00
613.00 1221.00 1551.00 1653.00 246.00 115.00
596.00 584.00 1879.00 226.00 1399.00 1927.00
1106.00 667.00 318.00 1747.00 1712.00 465.00
1626.00 129.00 154.00 717.00 836.00 805.00
1025.00 612.00 125.00 123.00 1308.00 1472.00
199.00 1591.00 423.00 1206.00 806.00 343.00
1952.00 681.00 284.00 119.00 760.00 1668.00
1715.00 705.00 320.00 126.00 1256.00 1839.00
1188.00 1234.00 731.00 1246.00 262.00 800.00
1032.00 1503.00 210.00 118.00 587.00 468.00
399.00 560.00 867.00 1330.00 107.00 1307.00
1756.00 1108.00 725.00 197.00 302.00 1874.00
1672.00 1141.00 393.00 1372.00 551.00 50.00
1270.00 918.00 458.00 90.00 719.00 1158.00
688.00 1030.00 931.00 448.00 58.00 388.00
1614.00 1801.00 697.00 717.00 154.00 1295.00
916.00 1977.00 531.00 2030.00 24.00 1316.00
530.00 1680.00 2003.00 1967.00 301.00 733.00
635.00 1293.00 1673.00 519.00 160.00 996.00
1121.00 72.00 610.00 1137.00 1289.00 403.00
894.00 1299.00 80.00 159.00 417.00 605.00
1483.00 1198.00 333.00 208.00 464.00 974.00
234.00 843.00 1160.00 1656.00 529.00 414.00
832.00 1794.00 352.00 708.00 1507.00 122.00
1956.00 1661.00 1027.00 652.00 127.00 1826.00
1273.00 671.00 1272.00 443.00 929.00 637.00
725.00 1947.00 1532.00 375.00 792.00 1736.00
1988.00 736.00 291.00 1298.00 695.00 1713.00
231.00 315.00 1924.00 982.00 1031.00 559.00
1729.00 544.00 1809.00 259.00 1029.00 95.00
310.00 1139.00 683.00 1922.00 1348.00 620.00
1093.00 562.00 264.00 1435.00 1459.00 1975.00
913.00 944.00 1198.00 69.00 464.00 1167.00
1329.00 1443.00 877.00 696.00 235.00 349.00
277.00 928.00 819.00 1140.00 1968.00 1768.00
1482.00 417.00 1478.00 951.00 80.00 802.00
133.00 1125.00 271.00 641.00 767.00 1682.00
1166.00 1830.00 1269.00 912.00 243.00 1880.00
593.00 887.00 1368.00 394.00 52.00 320.00
1941.00 1300.00 522.00 1124.00 649.00 194.00
92.00 1912.00 882.00 355.00 1903.00 703.00
767.00 1805.00 1073.00 1647.00 644.00 304.00
613.00 674.00 1611.00 246.00 1944.00 1221.00
203.00 1190.00 351.00 815.00 1197.00 727.00
879.00 292.00 130.00 1464.00 505.00 779.00
1160.00 843.00 414.00 234.00 1500.00 1633.00
67.00 715.00 1867.00 677.00 1309.00 1343.00
1262.00 633.00 288.00 1930.00 2010.00 1957.00
63.00 586.00 1726.00 1073.00 668.00 988.00
920.00 1923.00 615.00 255.00 473.00 1145.00
532.00 335.00 127.00 1463.00 1027.00 1161.00
698.00 2023.00 279.00 1118.00 347.00 978.00
1060.00 969.00 955.00 362.00 1252.00 269.00
1292.00 1267.00 371.00 948.00 1860.00 478.00
470.00 1216.00 35.00 1926.00 1753.00 659.00
2047.00 1133.00 917.00 355.00 503.00 92.00
1168.00 775.00 857.00 1157.00 1816.00 437.00
1571.00 119.00 1952.00 1617.00 760.00 1276.00
1726.00 851.00 668.00 228.00 304.00 1073.00
383.00 1487.00 568.00 1734.00 1678.00 1884.00
788.00 589.00 1319.00 174.00 445.00 1240.00
1141.00 354.00 1623.00 90.00 551.00 50.00
1629.00 799.00 160.00 519.00 635.00 996.00
1367.00 168.00 704.00 1380.00 425.00 816.00
1843.00 835.00 273.00 1015.00 128.00 666.00
459.00 1352.00 359.00 175.00 729.00 723.00
570.00 1041.00 172.00 1363.00 824.00 811.00
1946.00 245.00 383.00 1670.00 1209.00 1884.00
1783.00 103.00 753.00 416.00 1192.00 1775.00
1351.00 301.00 590.00 1628.00 595.00 1585.00
1886.00 1308.00 542.00 495.00 1932.00 741.00
729.00 1125.00 1187.00 133.00 1647.00 359.00
1472.00 930.00 596.00 333.00 1466.00 1483.00
0.00 1978.00 1944.00 751.00 674.00 233.00
1163.00 1394.00 330.00 306.00 480.00 574.00
1237.00 536.00 1985.00 179.00 687.00 1895.00
1723.00 1599.00 1010.00 170.00 688.00 565.00
569.00 1019.00 1969.00 1335.00 1020.00 43.00
19.00 1458.00 1143.00 507.00 1091.00 1570.00
1976.00 989.00 1751.00 260.00 1769.00 171.00
529.00 184.00 1656.00 1422.00 1160.00 414.00
1230.00 1416.00 604.00 1970.00 293.00 451.00
10.00 1052.00 272.00 575.00 1070.00 673.00
387.00 316.00 1893.00 1076.00 669.00 1572.00
358.00 1871.00 1132.00 353.00 594.00 1418.00
1863.00 1997.00 230.00 1568.00 1010.00 895.00
1471.00 497.00 991.00 94.00 684.00 201.00
699.00 1497.00 241.00 535.00 1864.00 905.00
1549.00 2005.00 1450.00 451.00 62.00 706.00
106.00 627.00 1709.00 1518.00 1736.00 961.00
939.00 313.00 369.00 823.00 992.00 61.00
280.00 1232.00 440.00 1849.00 1789.00 845.00
486.00 1080.00 1329.00 191.00 696.00 1798.00
1507.00 708.00 518.00 1015.00 901.00 792.00
1455.00 83.00 1248.00 1135.00 599.00 251.00
869.00 1509.00 214.00 1056.00 656.00 2027.00
89.00 977.00 1042.00 435.00 1962.00 371.00
1743.00 281.00 665.00 1320.00 1508.00 1096.00
961.00 1700.00 627.00 132.00 309.00 1149.00
1719.00 1983.00 1972.00 26.00 722.00 1573.00
1898.00 1331.00 1092.00 543.00 163.00 42.00
655.00 1037.00 465.00 318.00 1613.00 1747.00
1363.00 1638.00 736.00 65.00 1375.00 1609.00
1543.00 1259.00 789.00 285.00 654.00 116.00
1618.00 101.00 705.00 1011.00 289.00 126.00
726.00 1311.00 270.00 521.00 881.00 1796.00
765.00 1053.00 2025.00 2023.00 654.00 1543.00
719.00 215.00 1158.00 755.00 918.00 1379.00
368.00 1710.00 876.00 1972.00 722.00 1983.00
1377.00 871.00 348.00 617.00 1169.00 182.00
626.00 563.00 86.00 1057.00 1491.00 812.00
844.00 1858.00 88.00 534.00 202.00 1200.00
170.00 1687.00 527.00 1999.00 1599.00 420.00
1207.00 746.00 1940.00 2046.00 218.00 5.00
253.00 1848.00 807.00 399.00 837.00 1562.00
1938.00 668.00 1659.00 1669.00 228.00 586.00
166.00 307.00 640.00 1173.00 1047.00 1004.00
2015.00 1890.00 362.00 657.00 1077.00 269.00
259.00 1809.00 1419.00 1640.00 1271.00 544.00
166.00 1047.00 758.00 357.00 483.00 1103.00
1128.00 549.00 344.00 1420.00 1831.00 1162.00
1616.00 517.00 453.00 1155.00 199.00 1206.00
363.00 1471.00 350.00 1104.00 991.00 94.00
1670.00 1487.00 1516.00 105.00 1894.00 1094.00
1249.00 1171.00 888.00 471.00 541.00 183.00
375.00 627.00 1700.00 1518.00 446.00 1637.00
1514.00 490.00 947.00 1280.00 66.00 1873.00
1424.00 794.00 676.00 724.00 189.00 1936.00
1296.00 1859.00 25.00 683.00 628.00 1752.00
634.00 1099.00 1770.00 971.00 84.00 1474.00
39.00 432.00 1050.00 1224.00 1238.00 1905.00
622.00 139.00 800.00 1804.00 538.00 1234.00
1320.00 1708.00 2009.00 665.00 135.00 979.00
1598.00 1485.00 1420.00 549.00 1779.00 1528.00
67.00 906.00 715.00 1309.00 276.00 762.00
812.00 321.00 505.00 784.00 1057.00 1546.00
1106.00 1712.00 465.00 1338.00 1613.00 1350.00
337.00 1998.00 547.00 1467.00 1382.00 1231.00
554.00 1427.00 1115.00 1960.00 1266.00 225.00
1340.00 1984.00 463.00 1232.00 440.00 32.00
1769.00 1121.00 798.00 260.00 1630.00 403.00
628.00 1739.00 1296.00 1078.00 683.00 294.00
470.00 1665.00 1216.00 278.00 1926.00 659.00
1171.00 28.00 412.00 1341.00 471.00 1028.00
2010.00 855.00 1430.00 34.00 1044.00 1445.00
1108.00 1622.00 302.00 920.00 78.00 1083.00
1119.00 578.00 402.00 1321.00 814.00 394.00
229.00 795.00 1144.00 376.00 1792.00 430.00
477.00 185.00 1009.00 1175.00 1302.00 1834.00
849.00 1554.00 1295.00 338.00 1801.00 697.00
19.00 1143.00 1376.00 1091.00 764.00 625.00
2039.00 742.00 264.00 1459.00 1975.00 763.00
1192.00 645.00 1131.00 1679.00 1216.00 416.00
986.00 40.00 1901.00 1585.00 714.00 1008.00
818.00 244.00 1557.00 564.00 951.00 1795.00
1250.00 364.00 1861.00 60.00 1314.00 1349.00
449.00 182.00 1396.00 1169.00 854.00 664.00
1819.00 460.00 30.00 1974.00 819.00 1191.00
1137.00 1751.00 798.00 1690.00 260.00 403.00
971.00 1740.00 1179.00 84.00 1456.00 634.00
1693.00 366.00 1347.00 673.00 1052.00 575.00
846.00 993.00 1163.00 480.00 181.00 542.00
1484.00 457.00 1193.00 808.00 1138.00 1883.00
1855.00 112.00 582.00 1360.00 935.00 409.00
753.00 103.00 1679.00 1833.00 1131.00 416.00
450.00 1516.00 334.00 1609.00 1082.00 65.00
1376.00 711.00 1283.00 625.00 99.00 308.00
1389.00 517.00 219.00 1339.00 453.00 314.00
1598.00 1744.00 1420.00 646.00 56.00 1485.00
580.00 97.00 639.00 2015.00 1890.00 1077.00
431.00 830.00 59.00 533.00 904.00 1085.00
1906.00 1603.00 1165.00 236.00 660.00 924.00
753.00 1775.00 645.00 1131.00 278.00 1679.00
630.00 1571.00 1276.00 694.00 295.00 1130.00
658.00 77.00 636.00 390.00 1409.00 496.00
1954.00 644.00 1277.00 1659.00 63.00 1073.00
702.00 1534.00 834.00 81.00 147.00 1111.00
1071.00 1302.00 1051.00 477.00 147.00 424.00
1702.00 440.00 1548.00 845.00 1849.00 280.00
169.00 456.00 610.00 2026.00 1289.00 768.00
1850.00 1291.00 748.00 735.00 1942.00 221.00
212.00 2045.00 444.00 229.00 1576.00 1758.00
1748.00 1382.00 547.00 193.00 1951.00 766.00
1592.00 708.00 352.00 197.00 615.00 1634.00
605.00 818.00 1765.00 80.00 1557.00 244.00
881.00 1054.00 270.00 726.00 1716.00 367.00
1413.00 617.00 871.00 223.00 863.00 76.00
486.00 1373.00 191.00 1156.00 1703.00 513.00
1416.00 1393.00 600.00 706.00 1230.00 167.00
1523.00 227.00 810.00 1086.00 548.00 1180.00
697.00 338.00 883.00 515.00 1626.00 290.00
983.00 1489.00 2.00 289.00 1513.00 1011.00
859.00 429.00 30.00 2044.00 1520.00 1333.00
1234.00 220.00 622.00 1505.00 1742.00 731.00
1887.00 915.00 641.00 644.00 1652.00 261.00
1385.00 1016.00 880.00 239.00 567.00 1476.00
1582.00 1215.00 1498.00 822.00 965.00 1928.00
1566.00 452.00 874.00 1122.00 317.00 990.00
903.00 361.00 637.00 1419.00 1729.00 1271.00
1984.00 1825.00 902.00 942.00 405.00 192.00
796.00 1505.00 946.00 220.00 538.00 678.00
1958.00 550.00 146.00 1323.00 217.00 1538.00
1424.00 967.00 980.00 1493.00 494.00 732.00
687.00 179.00 1686.00 1895.00 523.00 1594.00
1503.00 385.00 614.00 587.00 932.00 1583.00
252.00 775.00 857.00 21.00 525.00 1157.00
1830.00 110.00 912.00 938.00 492.00 1269.00
256.00 701.00 1606.00 454.00 1342.00 389.00
2044.00 460.00 819.00 1333.00 30.00 1768.00
1181.00 16.00 1358.00 678.00 2036.00 946.00
1969.00 1875.00 685.00 209.00 956.00 1381.00
217.00 665.00 1958.00 1502.00 2043.00 579.00
1555.00 162.00 1069.00 769.00 1199.00 467.00
1022.00 148.00 426.00 1993.00 1921.00 872.00
902.00 1984.00 405.00 942.00 1810.00 32.00
1635.00 322.00 1355.00 588.00 652.00 1956.00
1186.00 1478.00 1482.00 911.00 439.00 237.00
53.00 693.00 1851.00 624.00 1452.00 1362.00
1014.00 636.00 782.00 482.00 658.00 177.00
354.00 1648.00 110.00 1166.00 912.00 1817.00
344.00 663.00 1371.00 1731.00 1607.00 1162.00
672.00 1872.00 1440.00 332.00 966.00 1306.00
416.00 1775.00 739.00 103.00 441.00 2020.00
1051.00 424.00 1759.00 477.00 1102.00 1009.00
998.00 1370.00 2026.00 395.00 326.00 940.00
408.00 1537.00 187.00 38.00 1882.00 1061.00
2042.00 648.00 1449.00 1841.00 195.00 472.00
7.00 1433.00 1297.00 395.00 621.00 1587.00
1618.00 320.00 1217.00 705.00 1715.00 887.00
730.00 341.00 404.00 60.00 1250.00 1861.00
195.00 1559.00 648.00 1837.00 1109.00 609.00
1639.00 559.00 231.00 95.00 679.00 1920.00
1675.00 1453.00 552.00 128.00 1582.00 666.00
1301.00 1886.00 770.00 418.00 232.00 821.00
1477.00 1145.00 1231.00 1748.00 473.00 165.00
39.00 1741.00 1569.00 1224.00 1050.00 479.00
630.00 1522.00 984.00 145.00 694.00 1571.00
837.00 749.00 807.00 1725.00 954.00 253.00
280.00 1789.00 1260.00 1702.00 845.00 556.00
581.00 216.00 735.00 1791.00 1961.00 1291.00
1828.00 1362.00 1186.00 693.00 268.00 911.00
588.00 411.00 1355.00 1915.00 1048.00 101.00
695.00 1551.00 1988.00 555.00 254.00 1221.00
1222.00 960.00 157.00 1211.00 419.00 401.00
1774.00 442.00 780.00 1527.00 582.00 1360.00
1748.00 337.00 1231.00 892.00 994.00 165.00
917.00 360.00 1981.00 1515.00 198.00 2004.00
1722.00 88.00 844.00 1200.00 534.00 541.00
718.00 1739.00 25.00 683.00 310.00 1348.00
1664.00 380.00 1267.00 143.00 371.00 948.00
1349.00 1877.00 1250.00 60.00 602.00 1508.00
410.00 1488.00 267.00 1099.00 1474.00 1556.00
996.00 1696.00 591.00 230.00 73.00 1010.00
699.00 536.00 1698.00 1895.00 905.00 241.00
1881.00 461.00 131.00 1046.00 1018.00 876.00
771.00 1399.00 1531.00 173.00 1927.00 584.00
715.00 2040.00 245.00 677.00 1657.00 1986.00
1184.00 829.00 256.00 553.00 1183.00 1265.00
558.00 1004.00 1245.00 421.00 1017.00 75.00
1996.00 959.00 1088.00 1601.00 313.00 791.00
1695.00 1134.00 1418.00 353.00 2038.00 786.00
557.00 332.00 966.00 1832.00 1306.00 1908.00
311.00 1280.00 1737.00 947.00 1943.00 1994.00
1064.00 302.00 446.00 1532.00 725.00 132.00
685.00 956.00 1381.00 209.00 1944.00 1821.00
1176.00 1353.00 2038.00 921.00 616.00 155.00
1096.00 602.00 1861.00 364.00 1508.00 689.00
255.00 1592.00 1436.00 615.00 740.00 352.00
584.00 69.00 1612.00 1531.00 944.00 596.00
1269.00 912.00 1648.00 82.00 243.00 629.00
776.00 1865.00 131.00 461.00 1046.00 1605.00
866.00 571.00 1261.00 38.00 1024.00 1235.00
201.00 457.00 258.00 808.00 1773.00 500.00
1678.00 568.00 647.00 1558.00 383.00 1946.00
508.00 234.00 907.00 1504.00 1005.00 1500.00
1460.00 1301.00 1932.00 418.00 232.00 741.00
692.00 261.00 1805.00 1550.00 641.00 1918.00
1135.00 1449.00 1841.00 609.00 1109.00 195.00
1931.00 1415.00 286.00 1151.00 861.00 114.00
657.00 1950.00 1728.00 2015.00 1077.00 580.00
241.00 523.00 1895.00 905.00 977.00 1864.00
647.00 1894.00 1946.00 1558.00 105.00 811.00
898.00 669.00 316.00 1995.00 2043.00 1092.00
1209.00 1892.00 1734.00 105.00 1588.00 1946.00
1686.00 536.00 241.00 687.00 1864.00 1237.00
1470.00 1462.00 15.00 691.00 707.00 1981.00
339.00 744.00 1146.00 2035.00 892.00 1403.00
543.00 1711.00 898.00 669.00 1331.00 42.00
857.00 1544.00 713.00 1150.00 252.00 1590.00
1100.00 666.00 277.00 820.00 835.00 1968.00
1698.00 40.00 1594.00 905.00 1497.00 535.00
1054.00 728.00 367.00 1461.00 1257.00 117.00
1651.00 1912.00 703.00 882.00 499.00 211.00
424.00 242.00 1071.00 1788.00 716.00 1533.00
39.00 1982.00 884.00 386.00 873.00 1741.00
296.00 1603.00 1451.00 502.00 2031.00 660.00
240.00 817.00 1440.00 972.00 1404.00 1832.00
557.00 1306.00 9.00 1553.00 966.00 1492.00
1066.00 774.00 432.00 2019.00 1529.00 327.00
1597.00 670.00 919.00 336.00 532.00 2029.00
309.00 1007.00 1304.00 1142.00 446.00 374.00
1903.00 92.00 499.00 1133.00 2047.00 882.00
1049.00 573.00 675.00 91.00 1610.00 1196.00
1044.00 1512.00 756.00 298.00 1204.00 1219.00
1852.00 411.00 814.00 164.00 1048.00 1256.00
924.00 1312.00 643.00 1326.00 236.00 113.00
803.00 2034.00 828.00 104.00 994.00 151.00
1081.00 120.00 1887.00 2017.00 1383.00 692.00
1324.00 18.00 356.00 1172.00 1364.00 976.00
516.00 231.00 1842.00 679.00 1374.00 1992.00
1034.00 148.00 426.00 1824.00 396.00 872.00
1139.00 310.00 1387.00 620.00 109.00 1641.00
1660.00 615.00 920.00 473.00 1108.00 1592.00
559.00 1639.00 231.00 1574.00 897.00 315.00
655.00 1432.00 576.00 1037.00 11.00 466.00
659.00 1753.00 470.00 1205.00 35.00 1233.00
585.00 173.00 1399.00 584.00 1612.00 1866.00
1582.00 1807.00 1015.00 1498.00 273.00 822.00
1366.00 1039.00 188.00 1517.00 474.00 847.00
1262.00 633.00 288.00 1658.00 85.00 1957.00
1600.00 771.00 861.00 114.00 415.00 1889.00
542.00 741.00 1681.00 1460.00 125.00 1308.00
959.00 313.00 939.00 61.00 592.00 1088.00
283.00 1781.00 1170.00 533.00 1085.00 136.00
472.00 999.00 20.00 664.00 449.00 1396.00
794.00 875.00 724.00 1738.00 1463.00 303.00
1528.00 275.00 1128.00 608.00 1328.00 549.00
1220.00 504.00 586.00 1726.00 1012.00 228.00
418.00 1460.00 1466.00 123.00 1107.00 930.00
218.00 746.00 1207.00 1241.00 1724.00 2046.00
1650.00 194.00 649.00 2016.00 752.00 1124.00
748.00 1791.00 1274.00 1359.00 735.00 95.00
311.00 1873.00 783.00 1514.00 1280.00 490.00
1653.00 1684.00 613.00 209.00 674.00 233.00
809.00 1425.00 41.00 485.00 925.00 379.00
1884.00 1894.00 1678.00 647.00 1892.00 105.00
792.00 106.00 1736.00 375.00 1637.00 901.00
265.00 886.00 1525.00 1126.00 1345.00 455.00
17.00 1060.00 1252.00 545.00 1239.00 222.00
657.00 1575.00 860.00 97.00 580.00 1890.00
1148.00 1793.00 926.00 1055.00 193.00 528.00
1101.00 1617.00 119.00 284.00 1668.00 681.00
384.00 322.00 983.00 1011.00 1473.00 619.00
1786.00 63.00 1545.00 397.00 1277.00 520.00
972.00 1084.00 96.00 1203.00 817.00 1962.00
914.00 652.00 1826.00 1635.00 539.00 322.00
2010.00 288.00 1262.00 633.00 1658.00 855.00
1812.00 217.00 579.00 1538.00 1822.00 689.00
590.00 1008.00 190.00 1585.00 535.00 1497.00
1427.00 1115.00 902.00 554.00 192.00 1749.00
216.00 847.00 735.00 474.00 1850.00 1359.00
1292.00 96.00 371.00 1084.00 89.00 1664.00
904.00 1781.00 533.00 283.00 1170.00 59.00
1529.00 774.00 1050.00 432.00 186.00 2019.00
1479.00 885.00 312.00 196.00 1038.00 370.00
1028.00 1341.00 343.00 1754.00 98.00 1174.00
2012.00 1022.00 710.00 733.00 301.00 1628.00
1645.00 928.00 1100.00 1900.00 277.00 835.00
956.00 1020.00 685.00 43.00 1688.00 1581.00
2024.00 293.00 858.00 604.00 1692.00 151.00
1118.00 1717.00 2025.00 765.00 1053.00 347.00
1710.00 722.00 1719.00 26.00 583.00 1573.00
1116.00 319.00 540.00 1284.00 870.00 1225.00
1768.00 460.00 2044.00 1819.00 1191.00 30.00
1093.00 1642.00 1762.00 1459.00 264.00 763.00
1803.00 989.00 1690.00 1520.00 878.00 429.00
400.00 1316.00 1243.00 531.00 680.00 1627.00
0.00 751.00 674.00 770.00 1684.00 821.00
130.00 1574.00 1639.00 982.00 315.00 937.00
789.00 1281.00 831.00 116.00 447.00 285.00
707.00 2004.00 1437.00 691.00 1515.00 537.00
1569.00 479.00 1035.00 884.00 386.00 873.00
1018.00 1719.00 368.00 722.00 1046.00 876.00
1810.00 1750.00 463.00 1825.00 942.00 32.00
435.00 1686.00 1237.00 179.00 1895.00 536.00
677.00 1335.00 1309.00 153.00 1400.00 2040.00
0.00 751.00 1978.00 247.00 1390.00 1684.00
1638.00 936.00 1551.00 695.00 291.00 115.00
952.00 981.00 489.00 150.00 1356.00 1279.00
603.00 1854.00 1222.00 1023.00 401.00 856.00
178.00 700.00 732.00 577.00 1486.00 2035.00
897.00 1374.00 1924.00 516.00 1920.00 231.00
773.00 872.00 1824.00 2022.00 257.00 1511.00
1873.00 1526.00 1127.00 947.00 601.00 311.00
964.00 2043.00 1092.00 669.00 1893.00 163.00
852.00 140.00 1870.00 1088.00 1325.00 791.00
682.00 230.00 407.00 1010.00 73.00 1696.00
68.00 1748.00 1467.00 1477.00 78.00 1231.00
1386.00 1293.00 170.00 420.00 1723.00 591.00
1387.00 1040.00 1097.00 310.00 134.00 721.00
1410.00 990.00 1178.00 573.00 152.00 452.00
17.00 1494.00 447.00 222.00 831.00 1239.00
530.00 986.00 1680.00 733.00 1628.00 1521.00
1470.00 360.00 1981.00 707.00 1515.00 1437.00
451.00 706.00 1450.00 335.00 1699.00 1161.00
2013.00 1030.00 527.00 1268.00 388.00 1599.00
166.00 1254.00 1047.00 1173.00 558.00 1004.00
1346.00 1393.00 670.00 954.00 434.00 64.00
737.00 1743.00 979.00 320.00 135.00 1217.00
1755.00 288.00 855.00 1658.00 1445.00 1957.00
77.00 1506.00 1438.00 496.00 2028.00 436.00
710.00 733.00 1521.00 1967.00 962.00 100.00
801.00 962.00 2006.00 100.00 1268.00 527.00
1037.00 1090.00 1925.00 720.00 1432.00 11.00
1728.00 639.00 269.00 1890.00 1780.00 1077.00
1941.00 522.00 324.00 752.00 1300.00 1124.00
692.00 1339.00 120.00 1918.00 1383.00 1081.00
225.00 1285.00 390.00 801.00 1409.00 2013.00
1066.00 432.00 1964.00 774.00 1909.00 1238.00
1188.00 441.00 1247.00 103.00 739.00 1833.00
772.00 511.00 340.00 923.00 1542.00 1354.00
257.00 1993.00 710.00 1469.00 1022.00 426.00
1662.00 654.00 1717.00 279.00 1053.00 1543.00
1692.00 922.00 858.00 606.00 1970.00 293.00
1259.00 1717.00 1053.00 116.00 1971.00 765.00
169.00 1790.00 1835.00 326.00 1370.00 768.00
31.00 656.00 1542.00 869.00 1706.00 1240.00
712.00 1185.00 1151.00 286.00 1438.00 2011.00
1910.00 1161.00 1393.00 167.00 532.00 1597.00
747.00 916.00 1313.00 1627.00 430.00 24.00
1669.00 1906.00 1451.00 296.00 761.00 851.00
698.00 1315.00 693.00 1662.00 978.00 1362.00
598.00 1344.00 1089.00 1317.00 1098.00 287.00
577.00 1403.00 1493.00 1917.00 828.00 104.00
1486.00 700.00 339.00 1897.00 1403.00 577.00
796.00 16.00 758.00 1181.00 1358.00 1820.00
534.00 1578.00 785.00 1545.00 397.00 202.00
1353.00 353.00 1871.00 786.00 745.00 1176.00
44.00 742.00 1762.00 763.00 1501.00 650.00
900.00 1986.00 1588.00 677.00 153.00 1094.00
631.00 1195.00 227.00 1523.00 865.00 1422.00
1396.00 472.00 1397.00 1837.00 195.00 664.00
1502.00 1822.00 1893.00 579.00 964.00 898.00
1974.00 1333.00 30.00 429.00 1819.00 1803.00
1446.00 1792.00 1226.00 1576.00 1036.00 212.00
218.00 746.00 1241.00 1724.00 1207.00 1940.00
1133.00 503.00 1912.00 355.00 1666.00 92.00
